Date 	Open 	High 	Low 	Close 	Adj Close 	Volume
Oct 21, 2024 	4.1000 	7.5000 	2.4100 	2.6300 	2.6300 	145,582,658
Oct 18, 2024 	1.1300 	2.8800 	1.0900 	2.3500 	2.3500 	50,823,300
Oct 17, 2024 	1.1200 	1.1300 	1.1000 	1.1200 	1.1200 	84,700
Oct 16, 2024 	1.1200 	1.1300 	1.0700 	1.1300 	1.1300 	163,600
Oct 15, 2024 	1.1600 	1.1700 	1.0700 	1.1000 	1.1000 	221,900
Oct 14, 2024 	1.2000 	1.2050 	1.1200 	1.1400 	1.1400 	166,200
Oct 11, 2024 	1.1900 	1.1900 	1.1600 	1.1800 	1.1800 	81,900
Oct 10, 2024 	1.1900 	1.2470 	1.1600 	1.1700 	1.1700 	72,900
Oct 9, 2024 	1.2600 	1.2880 	1.1920 	1.2100 	1.2100 	118,600
Oct 8, 2024 	1.2300 	1.3000 	1.2000 	1.2900 	1.2900 	302,100
Oct 7, 2024 	1.2100 	1.2300 	1.1600 	1.2000 	1.2000 	97,300
Oct 4, 2024 	1.1800 	1.2000 	1.1500 	1.1900 	1.1900 	113,700
Oct 3, 2024 	1.2000 	1.2000 	1.1500 	1.1800 	1.1800 	126,400
Oct 2, 2024 	1.1600 	1.2200 	1.1500 	1.1900 	1.1900 	105,000
Oct 1, 2024 	1.2200 	1.2250 	1.1500 	1.1500 	1.1500 	175,400
Sep 30, 2024 	1.1800 	1.2400 	1.1600 	1.2000 	1.2000 	147,900
Sep 27, 2024 	1.1500 	1.2200 	1.1300 	1.2000 	1.2000 	268,500
Sep 26, 2024 	1.2100 	1.2500 	1.0900 	1.1100 	1.1100 	582,700
Sep 25, 2024 	1.2700 	1.2900 	1.2000 	1.2000 	1.2000 	415,200
Sep 24, 2024 	1.3900 	1.4100 	1.0400 	1.1800 	1.1800 	2,866,700
Sep 23, 2024 	2.7600 	2.8900 	2.7600 	2.8000 	2.8000 	342,100
Sep 20, 2024 	2.8300 	2.9700 	2.6700 	2.7600 	2.7600 	85,500
Sep 19, 2024 	3.0000 	3.0000 	2.8000 	2.8300 	2.8300 	72,100
Sep 18, 2024 	2.9800 	3.0400 	2.8900 	2.9000 	2.9000 	32,300
Sep 17, 2024 	3.1100 	3.1100 	2.8500 	2.9500 	2.9500 	49,200
Sep 16, 2024 	3.2600 	3.2800 	3.0210 	3.1300 	3.1300 	44,000
Sep 13, 2024 	3.2000 	3.2200 	2.9500 	3.1600 	3.1600 	34,000
Sep 12, 2024 	2.8900 	3.3400 	2.8100 	3.1700 	3.1700 	120,600
Sep 11, 2024 	2.7200 	2.8900 	2.6500 	2.8900 	2.8900 	41,600
Sep 10, 2024 	2.5900 	2.7800 	2.5100 	2.7400 	2.7400 	43,100
Sep 9, 2024 	2.5200 	2.6200 	2.4500 	2.5400 	2.5400 	18,500
Sep 6, 2024 	2.6100 	2.6200 	2.4300 	2.4900 	2.4900 	36,800
Sep 5, 2024 	2.6800 	2.7200 	2.5500 	2.6300 	2.6300 	31,300
Sep 4, 2024 	2.6800 	2.6860 	2.5600 	2.6500 	2.6500 	34,900
Sep 3, 2024 	2.7200 	2.7400 	2.4500 	2.6700 	2.6700 	213,300
Aug 30, 2024 	2.7600 	2.8400 	2.7200 	2.7800 	2.7800 	13,800
Aug 29, 2024 	2.7500 	2.9200 	2.7220 	2.7700 	2.7700 	34,600
Aug 28, 2024 	2.9700 	3.0400 	2.7300 	2.7400 	2.7400 	41,300
Aug 27, 2024 	3.0400 	3.1700 	2.7000 	2.9100 	2.9100 	278,100
Aug 26, 2024 	3.3300 	3.3300 	2.9500 	3.0000 	3.0000 	72,400
Aug 23, 2024 	3.4000 	3.4500 	3.1800 	3.2300 	3.2300 	49,600
Aug 22, 2024 	3.4900 	3.4900 	3.1300 	3.3400 	3.3400 	91,100
Aug 21, 2024 	3.6200 	3.6600 	3.4100 	3.4200 	3.4200 	108,700
Aug 20, 2024 	3.6700 	3.8740 	3.2600 	3.3400 	3.3400 	157,400
Aug 19, 2024 	3.3100 	3.8800 	3.0600 	3.8800 	3.8800 	320,800
Aug 16, 2024 	2.4300 	3.4400 	2.4300 	3.2500 	3.2500 	642,100
Aug 15, 2024 	2.2600 	2.4400 	2.2200 	2.3700 	2.3700 	130,700
Aug 14, 2024 	2.2000 	2.3000 	2.1500 	2.2100 	2.2100 	54,400
Aug 13, 2024 	2.3300 	2.4400 	2.1900 	2.2100 	2.2100 	63,000
Aug 12, 2024 	2.6000 	2.6900 	2.1800 	2.2300 	2.2300 	189,400
Aug 9, 2024 	2.4700 	2.7550 	2.4600 	2.4800 	2.4800 	139,900
Aug 8, 2024 	2.2000 	2.7400 	2.1900 	2.4700 	2.4700 	317,100
Aug 7, 2024 	2.2500 	2.3800 	2.1200 	2.1800 	2.1800 	204,400
Aug 6, 2024 	1:10 Stock Splits
Aug 6, 2024 	2.7900 	2.7900 	2.0700 	2.3100 	2.3100 	356,200
Aug 5, 2024 	3.3000 	3.3300 	2.5100 	2.9400 	2.9400 	168,770
Aug 2, 2024 	3.8200 	3.8800 	3.5300 	3.6000 	3.6000 	103,400
Aug 1, 2024 	3.9700 	4.0500 	3.8000 	3.8000 	3.8000 	40,160
Jul 31, 2024 	3.9000 	3.9800 	3.8300 	3.8900 	3.8900 	27,520
Jul 30, 2024 	4.1800 	4.3100 	3.8400 	3.8400 	3.8400 	50,660
Jul 29, 2024 	4.7600 	4.7600 	4.1000 	4.1000 	4.1000 	81,580
Jul 26, 2024 	4.4900 	4.7700 	4.4000 	4.7000 	4.7000 	130,660
Jul 25, 2024 	4.1300 	4.5700 	4.0000 	4.4300 	4.4300 	123,670
Jul 24, 2024 	3.8900 	4.1800 	3.8200 	4.0700 	4.0700 	110,730
Jul 23, 2024 	3.9900 	3.9900 	3.4500 	3.8500 	3.8500 	274,860
Jul 22, 2024 	3.8500 	4.3800 	3.8000 	4.3000 	4.3000 	288,090
Jul 19, 2024 	4.1000 	4.1600 	3.8200 	3.8600 	3.8600 	49,420
Jul 18, 2024 	4.5700 	4.6100 	4.1200 	4.1200 	4.1200 	30,290
Jul 17, 2024 	4.5100 	4.7000 	4.3700 	4.4800 	4.4800 	25,260
Jul 16, 2024 	4.3600 	4.5000 	4.2700 	4.5000 	4.5000 	35,450
Jul 15, 2024 	4.6000 	4.6600 	4.3100 	4.3600 	4.3600 	34,190
Jul 12, 2024 	4.4300 	4.6500 	4.4000 	4.6400 	4.6400 	30,960
Jul 11, 2024 	4.3200 	4.5000 	4.2200 	4.3600 	4.3600 	49,080
Jul 10, 2024 	4.1000 	4.3300 	4.1000 	4.3200 	4.3200 	25,530
Jul 9, 2024 	4.0800 	4.1500 	4.0000 	4.1000 	4.1000 	22,750
Jul 8, 2024 	4.2000 	4.2100 	4.0000 	4.0000 	4.0000 	30,140
Jul 5, 2024 	4.2500 	4.2500 	4.0200 	4.0900 	4.0900 	41,650
Jul 3, 2024 	4.3000 	4.3700 	4.0700 	4.1600 	4.1600 	14,530
Jul 2, 2024 	4.1900 	4.1900 	4.0300 	4.0500 	4.0500 	33,980
Jul 1, 2024 	4.2100 	4.2700 	4.0200 	4.1700 	4.1700 	108,610
Jun 28, 2024 	4.4000 	4.4300 	4.0100 	4.0100 	4.0100 	136,530
Jun 27, 2024 	4.5800 	4.6500 	4.2500 	4.4600 	4.4600 	66,150
Jun 26, 2024 	4.6000 	4.7500 	4.4000 	4.5700 	4.5700 	51,290
Jun 25, 2024 	4.9300 	4.9300 	4.4900 	4.4900 	4.4900 	54,530
Jun 24, 2024 	4.8400 	4.9900 	4.7400 	4.7400 	4.7400 	105,640
Jun 21, 2024 	4.6300 	4.8500 	4.6300 	4.7000 	4.7000 	78,890
Jun 20, 2024 	4.5300 	4.9000 	4.5300 	4.6400 	4.6400 	59,680
Jun 18, 2024 	4.7000 	4.7000 	4.4900 	4.4900 	4.4900 	32,150
Jun 17, 2024 	4.6000 	4.7100 	4.4000 	4.6200 	4.6200 	61,810
Jun 14, 2024 	4.7700 	4.9000 	4.5300 	4.6000 	4.6000 	26,840
Jun 13, 2024 	4.9000 	4.9400 	4.7500 	4.8600 	4.8600 	26,710
Jun 12, 2024 	4.9000 	5.0000 	4.7300 	4.9200 	4.9200 	62,190
Jun 11, 2024 	4.6000 	4.9500 	4.6000 	4.9500 	4.9500 	46,620
Jun 10, 2024 	4.3900 	4.8400 	4.0500 	4.7700 	4.7700 	150,340
Jun 7, 2024 	4.6700 	4.6700 	4.3000 	4.3100 	4.3100 	50,030
Jun 6, 2024 	4.9000 	4.9000 	4.7000 	4.7300 	4.7300 	29,990
Jun 5, 2024 	4.6500 	4.9000 	4.5600 	4.9000 	4.9000 	40,740
Jun 4, 2024 	4.5600 	4.6500 	4.5500 	4.6400 	4.6400 	12,130
Jun 3, 2024 	4.5400 	4.6500 	4.4700 	4.5700 	4.5700 	48,590
May 31, 2024 	4.6000 	4.6000 	4.3600 	4.5600 	4.5600 	37,960
May 30, 2024 	4.4600 	4.4900 	4.2800 	4.4000 	4.4000 	36,760
May 29, 2024 	4.4800 	4.5100 	4.2100 	4.3700 	4.3700 	43,740
May 28, 2024 	4.5900 	4.6000 	4.3000 	4.5200 	4.5200 	78,710
May 24, 2024 	4.6500 	4.6900 	4.4000 	4.5400 	4.5400 	85,800
May 23, 2024 	4.7100 	4.8000 	4.6000 	4.6000 	4.6000 	47,750
May 22, 2024 	4.8000 	4.8400 	4.6500 	4.8400 	4.8400 	75,230
May 21, 2024 	4.8000 	4.8900 	4.6500 	4.8400 	4.8400 	35,580
May 20, 2024 	4.9000 	4.9100 	4.6100 	4.7100 	4.7100 	68,480
May 17, 2024 	4.9100 	5.0000 	4.8800 	4.9200 	4.9200 	22,080
May 16, 2024 	4.9000 	5.0800 	4.8200 	4.9900 	4.9900 	54,750
May 15, 2024 	5.0200 	5.0200 	4.7600 	4.9500 	4.9500 	39,150
May 14, 2024 	5.0000 	5.0700 	4.8000 	4.9900 	4.9900 	42,910
May 13, 2024 	5.0000 	5.0000 	4.8000 	4.8300 	4.8300 	18,910
May 10, 2024 	4.9000 	5.0000 	4.8500 	4.8600 	4.8600 	20,370
May 9, 2024 	4.8800 	4.9800 	4.7500 	4.9700 	4.9700 	13,810
May 8, 2024 	4.9000 	4.9300 	4.8000 	4.8500 	4.8500 	15,730
May 7, 2024 	5.0000 	5.0000 	4.7500 	4.8800 	4.8800 	15,190
May 6, 2024 	5.0500 	5.0500 	4.8200 	4.8600 	4.8600 	35,600
May 3, 2024 	5.0000 	5.0800 	4.8800 	4.9000 	4.9000 	41,160
May 2, 2024 	5.0000 	5.0400 	4.8500 	5.0000 	5.0000 	21,660
May 1, 2024 	4.9000 	5.0500 	4.8000 	4.9300 	4.9300 	54,400
Apr 30, 2024 	4.9000 	5.1500 	4.9000 	4.9000 	4.9000 	49,840
Apr 29, 2024 	4.9700 	5.1000 	4.8500 	4.9500 	4.9500 	114,350
Apr 26, 2024 	4.8100 	5.0200 	4.7900 	4.8500 	4.8500 	31,700
Apr 25, 2024 	5.0400 	5.1000 	4.6900 	4.8900 	4.8900 	78,530
Apr 24, 2024 	5.0000 	5.2400 	4.8000 	5.0500 	5.0500 	87,840
Apr 23, 2024 	4.8100 	5.2000 	4.7300 	4.9200 	4.9200 	70,440
Apr 22, 2024 	4.7900 	4.8600 	4.6200 	4.8300 	4.8300 	45,160
Apr 19, 2024 	5.0500 	5.0500 	4.7500 	4.8700 	4.8700 	53,200
Apr 18, 2024 	5.0000 	5.0900 	4.6200 	4.8800 	4.8800 	140,930
Apr 17, 2024 	4.9800 	4.9800 	4.5200 	4.7100 	4.7100 	61,080
Apr 16, 2024 	5.0600 	5.0800 	4.8300 	4.8800 	4.8800 	31,920
Apr 15, 2024 	5.3000 	5.4400 	4.6900 	4.9300 	4.9300 	184,670
Apr 12, 2024 	4.9700 	5.5000 	4.7100 	5.1000 	5.1000 	106,350
Apr 11, 2024 	4.8100 	5.0800 	4.6600 	4.9500 	4.9500 	77,710
Apr 10, 2024 	4.7200 	4.7500 	4.5600 	4.6600 	4.6600 	59,440
Apr 9, 2024 	4.6000 	4.7000 	4.5400 	4.6500 	4.6500 	47,490
Apr 8, 2024 	4.8000 	4.8300 	4.4500 	4.7100 	4.7100 	129,300
Apr 5, 2024 	4.9500 	4.9500 	4.6400 	4.8000 	4.8000 	115,000
Apr 4, 2024 	4.9900 	5.1900 	4.9100 	4.9100 	4.9100 	46,640
Apr 3, 2024 	5.2500 	5.2500 	4.7000 	4.9700 	4.9700 	137,880
Apr 2, 2024 	5.4500 	5.4900 	5.2000 	5.2500 	5.2500 	60,670
Apr 1, 2024 	5.2900 	5.6100 	5.0500 	5.6100 	5.6100 	67,510
Mar 28, 2024 	5.3400 	5.4500 	5.1000 	5.2900 	5.2900 	77,890
Mar 27, 2024 	5.4500 	5.4500 	4.8100 	5.3400 	5.3400 	229,340
Mar 26, 2024 	5.6700 	5.7000 	5.3100 	5.3100 	5.3100 	86,310
Mar 25, 2024 	5.7900 	6.0200 	5.5600 	5.6600 	5.6600 	129,910
Mar 22, 2024 	5.6200 	5.8500 	5.4300 	5.7600 	5.7600 	78,090
Mar 21, 2024 	6.2600 	6.2600 	5.5100 	5.6800 	5.6800 	167,880
Mar 20, 2024 	6.2400 	6.3600 	6.0000 	6.1600 	6.1600 	50,630
Mar 19, 2024 	6.4900 	6.5500 	5.7100 	6.2900 	6.2900 	110,940
Mar 18, 2024 	7.0800 	7.0800 	6.4100 	6.4600 	6.4600 	160,980
Mar 15, 2024 	6.7000 	7.2000 	6.6000 	7.0500 	7.0500 	69,400
Mar 14, 2024 	6.9000 	7.0700 	6.6000 	6.6500 	6.6500 	84,250
Mar 13, 2024 	6.7000 	7.1700 	6.6000 	7.0800 	7.0800 	212,410
Mar 12, 2024 	6.7900 	6.9500 	6.5000 	6.6300 	6.6300 	154,140
Mar 11, 2024 	7.1000 	7.1400 	6.4200 	6.9500 	6.9500 	383,980
Mar 8, 2024 	7.8100 	7.9700 	7.1000 	7.1800 	7.1800 	298,670
Mar 7, 2024 	8.2000 	8.3000 	7.3000 	7.4500 	7.4500 	446,360
Mar 6, 2024 	9.2500 	9.2500 	8.3000 	8.3000 	8.3000 	296,620
Mar 5, 2024 	10.3500 	10.5000 	8.9000 	9.0300 	9.0300 	650,230
Mar 4, 2024 	11.0000 	11.5000 	10.5000 	10.6500 	10.6500 	1,423,540
Mar 1, 2024 	29.9000 	33.1000 	17.6000 	18.9000 	18.9000 	9,268,570
Feb 29, 2024 	12.6000 	12.8000 	12.0000 	12.4000 	12.4000 	9,250
Feb 28, 2024 	12.7000 	13.0000 	12.5000 	12.5000 	12.5000 	8,650
Feb 27, 2024 	12.1000 	12.9000 	11.9000 	12.7000 	12.7000 	11,350
Feb 26, 2024 	12.2000 	12.4000 	11.6000 	12.3000 	12.3000 	8,600
Feb 23, 2024 	12.7000 	12.7000 	11.8000 	11.8000 	11.8000 	13,730
Feb 22, 2024 	11.9000 	12.7000 	11.1000 	12.5000 	12.5000 	16,660
Feb 21, 2024 	11.1000 	12.2000 	10.9000 	11.9000 	11.9000 	11,200
Feb 20, 2024 	12.3000 	12.4000 	11.2000 	11.2000 	11.2000 	13,100
Feb 16, 2024 	11.9000 	12.4000 	11.2000 	12.3000 	12.3000 	17,970
Feb 15, 2024 	11.5000 	11.9000 	11.5000 	11.8000 	11.8000 	12,160
Feb 14, 2024 	11.0000 	11.8000 	11.0000 	11.6000 	11.6000 	13,700
Feb 13, 2024 	11.4000 	11.9000 	10.0000 	11.0000 	11.0000 	17,290
Feb 12, 2024 	11.7000 	12.0000 	11.4000 	11.4000 	11.4000 	15,150
Feb 9, 2024 	10.8000 	11.8000 	10.6000 	11.7000 	11.7000 	21,880
Feb 8, 2024 	10.8000 	11.0000 	10.2000 	11.0000 	11.0000 	10,640
Feb 7, 2024 	11.0000 	11.0000 	10.3000 	10.6000 	10.6000 	5,680
Feb 6, 2024 	10.4000 	11.0000 	10.1000 	10.9000 	10.9000 	7,330
Feb 5, 2024 	11.0000 	11.0000 	9.9000 	10.3000 	10.3000 	42,260
Feb 2, 2024 	10.4000 	11.0000 	10.2200 	10.7000 	10.7000 	14,440
Feb 1, 2024 	10.6000 	10.9000 	10.3000 	10.7000 	10.7000 	11,580
Jan 31, 2024 	10.4000 	10.6000 	10.2000 	10.4000 	10.4000 	17,470
Jan 30, 2024 	10.2000 	10.9000 	9.6000 	10.6000 	10.6000 	20,170
Jan 29, 2024 	9.3500 	10.3000 	9.2000 	10.3000 	10.3000 	41,970
Jan 26, 2024 	8.9000 	9.7000 	8.9000 	9.1900 	9.1900 	15,540
Jan 25, 2024 	9.4000 	9.5600 	8.9500 	9.4300 	9.4300 	30,370
Jan 24, 2024 	9.5000 	10.3000 	9.0000 	9.1000 	9.1000 	39,480
Jan 23, 2024 	12.4000 	12.4000 	9.0300 	9.3000 	9.3000 	134,740
Jan 22, 2024 	12.3000 	12.6000 	12.0000 	12.1000 	12.1000 	19,720
Jan 19, 2024 	12.8000 	12.8000 	12.3000 	12.5000 	12.5000 	26,030
Jan 18, 2024 	12.5000 	12.6000 	12.4000 	12.4000 	12.4000 	9,100
Jan 17, 2024 	12.3000 	12.8000 	12.2000 	12.7000 	12.7000 	12,270
Jan 16, 2024 	12.5000 	12.8000 	12.2000 	12.6000 	12.6000 	12,980
Jan 12, 2024 	12.4000 	12.9000 	12.0000 	12.5000 	12.5000 	21,920
Jan 11, 2024 	12.6000 	12.6000 	12.1100 	12.3000 	12.3000 	17,200
Jan 10, 2024 	13.0000 	13.1000 	12.4000 	12.6000 	12.6000 	9,430
Jan 9, 2024 	13.4000 	13.4000 	12.5500 	12.8000 	12.8000 	18,350
Jan 8, 2024 	13.4000 	13.5000 	12.8000 	13.4000 	13.4000 	23,770
Jan 5, 2024 	12.7000 	12.9000 	12.2000 	12.8000 	12.8000 	21,270
Jan 4, 2024 	13.3000 	13.4000 	12.3000 	12.5000 	12.5000 	43,050
Jan 3, 2024 	13.7000 	14.6000 	13.0000 	13.0000 	13.0000 	43,410
Jan 2, 2024 	13.0000 	15.3000 	12.8000 	13.7000 	13.7000 	106,830
Dec 29, 2023 	12.4000 	12.9000 	12.1000 	12.6000 	12.6000 	49,020
Dec 28, 2023 	12.5000 	12.7000 	11.5000 	12.1500 	12.1500 	43,670
Dec 27, 2023 	13.1000 	13.1000 	12.3000 	12.7000 	12.7000 	28,900
Dec 26, 2023 	12.9000 	13.1000 	12.1000 	13.0000 	13.0000 	36,910
Dec 22, 2023 	12.0000 	12.8000 	12.0000 	12.5000 	12.5000 	36,850
Dec 21, 2023 	13.1000 	13.2000 	11.3800 	12.4000 	12.4000 	80,290
Dec 20, 2023 	13.5000 	13.8000 	12.8000 	12.9000 	12.9000 	45,430
Dec 19, 2023 	14.6000 	14.7000 	13.6000 	13.6000 	13.6000 	55,860
Dec 18, 2023 	14.2000 	14.8000 	13.9000 	14.7000 	14.7000 	62,740
Dec 15, 2023 	14.9000 	15.0000 	14.0000 	14.5000 	14.5000 	90,720
Dec 14, 2023 	14.2000 	15.4000 	14.0000 	14.8000 	14.8000 	58,380
Dec 13, 2023 	15.4000 	15.8000 	13.9000 	14.4000 	14.4000 	68,540
Dec 12, 2023 	16.7000 	16.8000 	15.3000 	15.4000 	15.4000 	68,100
Dec 11, 2023 	17.2000 	18.1000 	16.6000 	16.7000 	16.7000 	54,790
Dec 8, 2023 	17.3000 	17.9000 	17.0000 	17.4000 	17.4000 	44,890
Dec 7, 2023 	17.6000 	18.0000 	17.3000 	17.4000 	17.4000 	29,490
Dec 6, 2023 	17.7000 	18.6000 	17.2000 	17.7000 	17.7000 	66,260
Dec 5, 2023 	17.1000 	18.0000 	16.6000 	17.8000 	17.8000 	94,590
Dec 4, 2023 	17.0000 	18.0000 	16.2000 	17.4000 	17.4000 	124,680
Dec 1, 2023 	17.4000 	17.9000 	16.3000 	16.8000 	16.8000 	131,460
Nov 30, 2023 	19.0000 	19.4000 	17.2000 	18.0000 	18.0000 	229,190
Nov 29, 2023 	16.2000 	21.7000 	15.0000 	19.6000 	19.6000 	913,120
Nov 28, 2023 	52.1000 	55.2000 	49.5000 	49.9000 	49.9000 	57,620
Nov 27, 2023 	52.4000 	56.2000 	51.3000 	52.4000 	52.4000 	61,780
Nov 24, 2023 	49.9000 	56.5400 	49.0000 	49.8500 	49.8500 	89,940
Nov 22, 2023 	44.0000 	58.2000 	43.6000 	48.6000 	48.6000 	222,860
Nov 21, 2023 	44.8000 	46.0500 	42.6000 	43.4000 	43.4000 	37,300
Nov 20, 2023 	41.9000 	46.9000 	41.4000 	44.2000 	44.2000 	61,960
Nov 17, 2023 	39.3000 	44.4000 	38.7000 	40.5000 	40.5000 	67,430
Nov 16, 2023 	34.2000 	41.9000 	32.8000 	38.6000 	38.6000 	196,230
Nov 15, 2023 	31.0000 	33.0000 	30.5000 	31.5000 	31.5000 	15,890
Nov 14, 2023 	31.6000 	33.0000 	29.8000 	31.1000 	31.1000 	16,760
Nov 13, 2023 	31.3000 	31.7700 	29.0000 	31.3000 	31.3000 	18,230
Nov 10, 2023 	30.3000 	33.4000 	27.6000 	32.8000 	32.8000 	41,470
Nov 9, 2023 	40.0000 	43.0600 	23.1000 	30.1000 	30.1000 	199,010
Nov 8, 2023 	44.8000 	45.5000 	41.7000 	42.6000 	42.6000 	19,700
Nov 7, 2023 	40.8000 	46.2000 	40.1000 	44.5000 	44.5000 	34,000
Nov 6, 2023 	40.9000 	41.2000 	39.2000 	40.7000 	40.7000 	14,710
Nov 3, 2023 	44.5000 	44.5000 	38.8000 	41.0000 	41.0000 	71,490
Nov 2, 2023 	45.5000 	46.2000 	41.9000 	44.8000 	44.8000 	50,090
Nov 1, 2023 	44.5000 	46.0000 	36.2000 	46.0000 	46.0000 	73,290
Oct 31, 2023 	38.0000 	50.8000 	38.0000 	43.6000 	43.6000 	269,070
Oct 30, 2023 	31.3000 	39.0000 	31.3000 	38.7000 	38.7000 	81,080
Oct 27, 2023 	31.3000 	32.5000 	29.7000 	31.9000 	31.9000 	30,340
Oct 26, 2023 	30.4000 	32.4000 	25.7000 	32.3000 	32.3000 	89,980
Oct 25, 2023 	32.0000 	36.5000 	28.3000 	31.5000 	31.5000 	347,910
Oct 24, 2023 	35.4000 	35.4000 	33.0000 	33.5000 	33.5000 	29,100
Oct 23, 2023 	35.3000 	36.2000 	32.2000 	32.6000 	32.6000 	34,680
Oct 20, 2023 	33.8000 	35.8000 	32.5000 	34.2000 	34.2000 	16,620
Oct 19, 2023 	31.1000 	36.0000 	30.7000 	33.9500 	33.9500 	28,140
Oct 18, 2023 	34.5000 	34.5000 	30.8000 	31.7000 	31.7000 	16,620
Oct 17, 2023 	34.2000 	35.2500 	33.3000 	34.8000 	34.8000 	9,840
Oct 16, 2023 	36.5000 	36.5000 	33.5000 	34.7000 	34.7000 	12,340
Oct 13, 2023 	34.5000 	35.8000 	33.5000 	35.3000 	35.3000 	6,910
Oct 12, 2023 	34.8000 	35.9000 	33.3000 	34.7000 	34.7000 	10,410
Oct 11, 2023 	36.8000 	38.2200 	34.4000 	34.8000 	34.8000 	13,250
Oct 10, 2023 	38.5000 	39.9000 	36.2500 	36.7000 	36.7000 	13,590
Oct 9, 2023 	40.2000 	40.8000 	36.1000 	38.6000 	38.6000 	14,910
Oct 6, 2023 	37.3000 	40.5000 	37.2000 	39.0000 	39.0000 	21,110
Oct 5, 2023 	36.1000 	37.8000 	35.4000 	37.4000 	37.4000 	19,830
Oct 4, 2023 	34.3000 	36.1000 	33.5000 	35.9000 	35.9000 	11,750
Oct 3, 2023 	33.2000 	35.0000 	32.1000 	34.1000 	34.1000 	17,980
Oct 2, 2023 	35.0000 	36.4000 	33.0000 	34.2000 	34.2000 	26,120
Sep 29, 2023 	31.8000 	35.0000 	30.6000 	34.1000 	34.1000 	17,720
Sep 28, 2023 	31.3000 	32.0000 	30.5000 	31.7000 	31.7000 	10,420
Sep 27, 2023 	35.9000 	35.9000 	30.6000 	31.1000 	31.1000 	30,820
Sep 26, 2023 	32.7000 	37.1000 	32.7000 	35.3000 	35.3000 	64,090
Sep 25, 2023 	27.7000 	33.1000 	27.5000 	32.5000 	32.5000 	23,100
Sep 22, 2023 	28.0000 	28.7100 	26.8000 	28.2000 	28.2000 	15,960
Sep 21, 2023 	27.9000 	29.1000 	27.3000 	27.5000 	27.5000 	18,420
Sep 20, 2023 	29.1000 	30.7000 	27.7000 	27.9000 	27.9000 	31,410
Sep 19, 2023 	32.1000 	32.1000 	29.0000 	29.1000 	29.1000 	33,300
Sep 18, 2023 	32.9000 	33.1000 	30.9000 	32.0000 	32.0000 	24,630
Sep 15, 2023 	34.5000 	34.6000 	32.7000 	33.0000 	33.0000 	21,030
Sep 14, 2023 	35.9000 	35.9000 	33.5000 	34.6000 	34.6000 	13,710
Sep 13, 2023 	35.9000 	35.9000 	34.0000 	34.2000 	34.2000 	18,370
Sep 12, 2023 	35.2000 	37.2000 	33.2000 	34.9000 	34.9000 	28,440
Sep 11, 2023 	35.8000 	41.1000 	35.2000 	36.1000 	36.1000 	65,600
Sep 8, 2023 	32.7000 	34.4000 	30.8000 	34.4000 	34.4000 	27,250
Sep 7, 2023 	33.3000 	35.2800 	31.5600 	32.7000 	32.7000 	28,170
Sep 6, 2023 	30.3000 	33.4000 	29.6000 	33.3000 	33.3000 	22,870
Sep 5, 2023 	31.2000 	32.4500 	29.8000 	30.6000 	30.6000 	12,420
Sep 1, 2023 	31.3000 	31.6800 	29.8000 	30.9000 	30.9000 	14,110
Aug 31, 2023 	33.6000 	34.1500 	31.0000 	31.1000 	31.1000 	18,690
Aug 30, 2023 	33.2000 	34.6000 	32.9000 	33.3000 	33.3000 	7,890
Aug 29, 2023 	34.4000 	34.8600 	32.6000 	33.1000 	33.1000 	17,260
Aug 28, 2023 	33.8000 	34.8600 	32.2000 	34.2000 	34.2000 	11,590
Aug 25, 2023 	34.5000 	35.0000 	33.3000 	33.7000 	33.7000 	18,980
Aug 24, 2023 	36.2000 	37.6000 	34.1000 	34.6000 	34.6000 	24,530
Aug 23, 2023 	35.6000 	37.4000 	35.4000 	35.9000 	35.9000 	15,220
Aug 22, 2023 	35.0000 	36.2000 	34.5000 	35.6000 	35.6000 	9,240
Aug 21, 2023 	36.6000 	37.0000 	34.3000 	35.3000 	35.3000 	14,930
Aug 18, 2023 	35.3000 	38.5000 	35.0800 	36.4000 	36.4000 	15,120
Aug 17, 2023 	37.6000 	38.2000 	34.5000 	35.7000 	35.7000 	28,620
Aug 16, 2023 	39.1000 	39.7400 	37.1500 	37.8000 	37.8000 	6,990
Aug 15, 2023 	38.9000 	39.8000 	38.2000 	39.6000 	39.6000 	11,230
Aug 14, 2023 	37.0000 	40.0000 	35.6000 	38.9000 	38.9000 	28,100
Aug 11, 2023 	36.3000 	37.6000 	35.3000 	36.5000 	36.5000 	24,100
Aug 10, 2023 	37.4000 	39.2000 	36.2000 	36.6000 	36.6000 	18,910
Aug 9, 2023 	39.6000 	39.6000 	36.8000 	37.1000 	37.1000 	15,540
Aug 8, 2023 	38.9000 	39.3500 	37.6100 	38.9000 	38.9000 	14,630
Aug 7, 2023 	41.8000 	41.9000 	38.9000 	39.2000 	39.2000 	25,710
Aug 4, 2023 	41.8000 	42.5000 	41.0000 	41.6000 	41.6000 	15,340
Aug 3, 2023 	44.0000 	44.4000 	41.6000 	41.8000 	41.8000 	21,090
Aug 2, 2023 	45.2000 	45.2000 	43.2500 	43.9000 	43.9000 	7,540
Aug 1, 2023 	46.2000 	47.4000 	44.3000 	45.3000 	45.3000 	14,920
Jul 31, 2023 	47.5000 	49.0000 	46.4000 	47.2000 	47.2000 	19,540
Jul 28, 2023 	46.2000 	48.0000 	45.0200 	47.6000 	47.6000 	19,450
Jul 27, 2023 	47.1000 	47.5000 	45.3000 	46.1000 	46.1000 	15,720
Jul 26, 2023 	48.2000 	48.6000 	46.7500 	46.9000 	46.9000 	21,840
Jul 25, 2023 	49.6000 	50.0000 	48.0000 	48.3000 	48.3000 	26,000
Jul 24, 2023 	50.4000 	51.0000 	49.1200 	49.8000 	49.8000 	17,070
Jul 21, 2023 	50.5000 	51.6000 	49.0000 	50.4500 	50.4500 	12,000
Jul 20, 2023 	51.5000 	52.1200 	49.0000 	50.5000 	50.5000 	19,530
Jul 19, 2023 	51.5000 	53.6000 	50.4000 	51.5000 	51.5000 	21,970
Jul 18, 2023 	52.5000 	56.5000 	49.8000 	51.5000 	51.5000 	64,500
Jul 17, 2023 	50.2000 	51.8600 	49.0000 	50.6000 	50.6000 	27,680
Jul 14, 2023 	49.7000 	51.0000 	48.7000 	50.5000 	50.5000 	10,040
Jul 13, 2023 	48.7000 	50.2900 	47.9000 	49.7000 	49.7000 	15,190
Jul 12, 2023 	53.9000 	55.6000 	48.2000 	48.9000 	48.9000 	24,070
Jul 11, 2023 	46.8000 	51.9000 	46.7000 	51.7000 	51.7000 	21,030
Jul 10, 2023 	44.5000 	47.6000 	42.7000 	46.8000 	46.8000 	25,020
Jul 7, 2023 	45.1000 	45.4000 	43.3000 	44.4000 	44.4000 	10,760
Jul 6, 2023 	42.3000 	45.9000 	41.1200 	44.3000 	44.3000 	16,970
Jul 5, 2023 	42.0000 	44.7900 	41.1500 	43.3000 	43.3000 	28,240
Jul 3, 2023 	42.8000 	43.8000 	41.4000 	42.2000 	42.2000 	10,980
Jun 30, 2023 	42.0000 	44.2000 	40.6000 	43.1000 	43.1000 	44,000
Jun 29, 2023 	45.3000 	45.3000 	38.1000 	40.9500 	40.9500 	56,370
Jun 28, 2023 	45.0000 	45.5800 	42.1000 	45.2000 	45.2000 	31,990
Jun 27, 2023 	47.5000 	48.4000 	44.0000 	45.7000 	45.7000 	31,810
Jun 26, 2023 	55.8000 	58.0000 	43.3000 	47.9000 	47.9000 	109,970
Jun 23, 2023 	58.4000 	62.9000 	56.1000 	58.3000 	58.3000 	100,230
Jun 22, 2023 	59.8000 	63.1000 	56.4000 	58.4000 	58.4000 	30,760
Jun 21, 2023 	55.2000 	61.2000 	54.4500 	59.0000 	59.0000 	43,530
Jun 20, 2023 	54.1000 	56.2000 	53.1500 	55.1000 	55.1000 	14,430
Jun 16, 2023 	57.5000 	59.0000 	54.5000 	55.4000 	55.4000 	22,050
Jun 15, 2023 	59.6000 	61.0000 	56.8000 	57.8000 	57.8000 	13,970
Jun 14, 2023 	61.5000 	62.7000 	58.4000 	59.6000 	59.6000 	11,700
Jun 13, 2023 	59.0000 	63.4000 	59.0000 	61.3000 	61.3000 	24,480
Jun 12, 2023 	58.1000 	64.5000 	57.9000 	59.1000 	59.1000 	34,540
Jun 9, 2023 	57.2000 	58.9000 	54.6000 	57.9000 	57.9000 	22,480
Jun 8, 2023 	57.1000 	58.8000 	56.3000 	56.7000 	56.7000 	6,860
Jun 7, 2023 	58.2000 	60.1000 	56.7000 	57.8000 	57.8000 	9,010
Jun 6, 2023 	56.0000 	59.7000 	55.5800 	58.5000 	58.5000 	10,430
Jun 5, 2023 	60.9000 	60.9000 	55.4000 	55.9000 	55.9000 	16,980
Jun 2, 2023 	60.5000 	62.1000 	58.2000 	60.6000 	60.6000 	8,310
Jun 1, 2023 	59.4000 	62.0000 	57.5500 	60.2000 	60.2000 	13,360
May 31, 2023 	54.7000 	59.6500 	54.5000 	58.4000 	58.4000 	25,540
May 30, 2023 	62.6000 	64.9000 	54.2000 	55.2000 	55.2000 	70,280
May 26, 2023 	63.3000 	66.9000 	62.0000 	62.7000 	62.7000 	14,620
May 25, 2023 	66.9000 	67.4000 	61.0000 	63.8000 	63.8000 	27,170
May 24, 2023 	68.1000 	68.1000 	65.0000 	66.0000 	66.0000 	16,160
May 23, 2023 	67.3000 	76.3300 	66.9700 	68.4000 	68.4000 	43,950
May 22, 2023 	70.2000 	71.4300 	63.0000 	67.3000 	67.3000 	46,640
May 19, 2023 	71.2000 	75.7000 	69.5000 	70.1000 	70.1000 	11,220
May 18, 2023 	71.8000 	72.4000 	70.1900 	70.7000 	70.7000 	9,280
May 17, 2023 	72.1000 	72.7300 	69.3000 	71.8000 	71.8000 	17,870
May 16, 2023 	74.5000 	74.5000 	69.1000 	69.9000 	69.9000 	18,920
May 15, 2023 	75.0000 	77.2000 	74.3000 	74.6000 	74.6000 	11,230
May 12, 2023 	77.7000 	79.7000 	73.7000 	73.9000 	73.9000 	12,170
May 11, 2023 	79.5000 	81.3000 	76.6400 	77.9000 	77.9000 	7,590
May 10, 2023 	84.4000 	86.9000 	80.3000 	80.5500 	80.5500 	9,400
May 9, 2023 	82.2000 	85.0000 	80.3000 	82.9000 	82.9000 	14,650
May 8, 2023 	80.1000 	83.7000 	78.1000 	82.9000 	82.9000 	14,290
May 5, 2023 	74.0000 	82.4000 	74.0000 	81.6000 	81.6000 	22,380
May 4, 2023 	73.5000 	75.5000 	72.2000 	73.6000 	73.6000 	9,480
May 3, 2023 	73.9000 	76.5000 	71.8000 	72.6000 	72.6000 	5,460
May 2, 2023 	77.6000 	78.4000 	73.0000 	73.6000 	73.6000 	8,700
May 1, 2023 	78.1000 	81.0800 	75.5000 	78.1000 	78.1000 	9,940
Apr 28, 2023 	75.5000 	81.0000 	74.1000 	79.9000 	79.9000 	15,560
Apr 27, 2023 	70.6000 	77.1000 	70.1000 	75.1000 	75.1000 	10,500
Apr 26, 2023 	70.8000 	73.6900 	67.8000 	70.1000 	70.1000 	23,330
Apr 25, 2023 	77.6000 	77.6000 	70.1000 	70.8000 	70.8000 	17,740
Apr 24, 2023 	78.3000 	79.0000 	75.3000 	77.6000 	77.6000 	15,730
Apr 21, 2023 	79.6000 	82.1000 	77.1000 	78.4000 	78.4000 	15,420
Apr 20, 2023 	81.3000 	82.3000 	78.2000 	79.1000 	79.1000 	11,880
Apr 19, 2023 	81.5000 	85.0000 	80.7000 	81.9000 	81.9000 	18,150
Apr 18, 2023 	78.0000 	84.1000 	78.0000 	81.7000 	81.7000 	13,220
Apr 17, 2023 	79.1000 	86.3000 	77.3000 	77.8000 	77.8000 	22,580
Apr 14, 2023 	78.0000 	81.5400 	74.1000 	79.5000 	79.5000 	12,310
Apr 13, 2023 	75.3000 	79.6000 	75.3000 	78.6000 	78.6000 	8,400
Apr 12, 2023 	78.0000 	81.6000 	74.2000 	75.5000 	75.5000 	29,700
Apr 11, 2023 	71.9000 	80.1500 	71.4500 	78.0000 	78.0000 	20,540
Apr 10, 2023 	73.6000 	75.5700 	70.9000 	72.1000 	72.1000 	17,690
Apr 6, 2023 	69.4000 	76.7000 	68.6100 	74.5000 	74.5000 	17,030
Apr 5, 2023 	74.0000 	76.0500 	69.0000 	69.5000 	69.5000 	25,550
Apr 4, 2023 	72.4000 	76.5000 	71.3000 	73.6000 	73.6000 	19,260
Apr 3, 2023 	79.0000 	80.6000 	71.8000 	73.0000 	73.0000 	43,040
Mar 31, 2023 	82.5000 	86.0000 	78.4000 	80.8000 	80.8000 	51,790
Mar 30, 2023 	80.6000 	84.9000 	80.4000 	82.9000 	82.9000 	19,590
Mar 29, 2023 	87.0000 	89.4000 	80.5000 	81.3000 	81.3000 	28,090
Mar 28, 2023 	85.5000 	89.7000 	83.6500 	86.3000 	86.3000 	23,300
Mar 27, 2023 	81.8000 	86.7800 	80.6000 	84.7000 	84.7000 	29,020
Mar 24, 2023 	80.0000 	82.5000 	75.4000 	81.6000 	81.6000 	42,860
Mar 23, 2023 	94.1000 	97.0000 	81.5000 	81.9500 	81.9500 	109,850
Mar 22, 2023 	102.2000 	102.2000 	90.0000 	90.4000 	90.4000 	40,920
Mar 21, 2023 	94.2000 	102.8000 	94.1000 	102.0000 	102.0000 	57,580
Mar 20, 2023 	100.0000 	100.5300 	88.8000 	92.4000 	92.4000 	61,810
Mar 17, 2023 	101.8000 	106.8000 	98.9000 	98.9000 	98.9000 	54,190
Mar 16, 2023 	99.2000 	113.9000 	95.1000 	105.3000 	105.3000 	87,230
Mar 15, 2023 	89.9000 	99.6000 	86.1000 	98.3000 	98.3000 	64,170
Mar 14, 2023 	85.4000 	92.0000 	82.9500 	92.0000 	92.0000 	53,530
Mar 13, 2023 	79.5000 	86.5800 	79.0000 	82.6000 	82.6000 	34,910
Mar 10, 2023 	83.8000 	85.1000 	79.5000 	81.5000 	81.5000 	31,440
Mar 9, 2023 	88.0000 	93.9700 	82.7000 	84.9000 	84.9000 	55,970
Mar 8, 2023 	81.9000 	91.1000 	81.9000 	89.1000 	89.1000 	65,960
Mar 7, 2023 	86.5000 	87.0000 	77.1000 	81.8000 	81.8000 	73,370
Mar 6, 2023 	68.5000 	89.4000 	64.2300 	87.6000 	87.6000 	121,980
Mar 3, 2023 	63.2000 	70.5200 	63.2000 	68.7000 	68.7000 	60,530
Mar 2, 2023 	64.3000 	67.4000 	57.4000 	62.7000 	62.7000 	55,580
Mar 1, 2023 	76.9000 	83.4000 	59.2000 	65.6000 	65.6000 	169,210
Feb 28, 2023 	72.3000 	78.8000 	68.6000 	76.9000 	76.9000 	63,680
Feb 27, 2023 	63.1000 	71.6000 	62.5000 	71.0000 	71.0000 	50,450
Feb 24, 2023 	65.7000 	67.0000 	58.8000 	63.0000 	63.0000 	44,860
Feb 23, 2023 	56.5000 	74.4000 	55.5000 	69.6000 	69.6000 	115,410
Feb 22, 2023 	56.7000 	58.0000 	55.0000 	56.6000 	56.6000 	15,360
Feb 21, 2023 	57.7000 	59.5000 	55.6000 	56.4000 	56.4000 	21,180
Feb 17, 2023 	54.0000 	57.9000 	53.1000 	57.8000 	57.8000 	10,340
Feb 16, 2023 	55.4000 	57.4000 	54.0000 	55.1000 	55.1000 	16,660
Feb 15, 2023 	52.3000 	55.9000 	50.5000 	55.7000 	55.7000 	15,940
Feb 14, 2023 	51.5000 	56.1000 	50.5000 	53.2000 	53.2000 	86,880
Feb 13, 2023 	48.9000 	51.3400 	47.8000 	50.6000 	50.6000 	21,870
Feb 10, 2023 	49.8000 	50.3400 	48.5000 	49.3000 	49.3000 	14,740
Feb 9, 2023 	49.9000 	51.9000 	49.6000 	50.5000 	50.5000 	11,320
Feb 8, 2023 	49.5000 	51.7000 	49.0000 	49.8000 	49.8000 	22,050
Feb 7, 2023 	50.7000 	51.9000 	49.5000 	49.7000 	49.7000 	20,020
Feb 6, 2023 	54.0000 	54.0000 	51.0000 	51.4000 	51.4000 	11,180
Feb 3, 2023 	56.7000 	57.7000 	53.6200 	54.1000 	54.1000 	12,440
Feb 2, 2023 	54.7000 	58.4000 	54.1000 	56.9000 	56.9000 	22,200
Feb 1, 2023 	50.7000 	55.4000 	49.7100 	53.7000 	53.7000 	22,800
Jan 31, 2023 	49.6000 	50.8000 	49.0000 	50.7000 	50.7000 	12,450
Jan 30, 2023 	50.0000 	51.3200 	49.3000 	49.6000 	49.6000 	15,740
Jan 27, 2023 	50.0000 	51.7000 	48.8000 	50.5000 	50.5000 	21,370
Jan 26, 2023 	50.5000 	52.8000 	49.5000 	50.3000 	50.3000 	18,570
Jan 25, 2023 	52.5000 	52.8000 	49.7000 	50.2000 	50.2000 	17,860
Jan 24, 2023 	49.6000 	53.9000 	48.5000 	53.2000 	53.2000 	32,830
Jan 23, 2023 	49.0000 	51.4500 	48.5000 	50.0000 	50.0000 	26,430
Jan 20, 2023 	49.2000 	51.7000 	48.3000 	49.5000 	49.5000 	22,140
Jan 19, 2023 	50.0000 	50.9400 	47.4000 	48.9000 	48.9000 	26,500
Jan 18, 2023 	52.0000 	52.5000 	49.2000 	50.0000 	50.0000 	20,540
Jan 17, 2023 	54.2000 	58.1000 	50.4000 	51.2000 	51.2000 	35,100
Jan 13, 2023 	51.0000 	59.3000 	50.3000 	55.0000 	55.0000 	51,840
Jan 12, 2023 	52.4000 	52.4000 	47.9000 	51.1000 	51.1000 	43,300
Jan 11, 2023 	52.4000 	54.0000 	51.5000 	52.4000 	52.4000 	28,880
Jan 10, 2023 	58.7000 	59.8000 	50.5000 	51.2000 	51.2000 	76,010
Jan 9, 2023 	60.1000 	61.1300 	57.7000 	58.8000 	58.8000 	28,840
Jan 6, 2023 	60.9000 	61.4000 	58.2000 	60.2000 	60.2000 	36,080
Jan 5, 2023 	58.4000 	62.2000 	57.5000 	60.8000 	60.8000 	40,900
Jan 4, 2023 	60.8000 	63.8000 	57.5000 	59.2000 	59.2000 	60,990
Jan 3, 2023 	79.1000 	79.3000 	61.4000 	61.7000 	61.7000 	100,790
Dec 30, 2022 	67.1000 	78.1000 	62.9000 	77.7000 	77.7000 	81,040
Dec 29, 2022 	62.5000 	69.7000 	61.2000 	67.7000 	67.7000 	62,290
Dec 28, 2022 	58.0000 	65.8000 	55.5000 	62.5000 	62.5000 	79,700
Dec 27, 2022 	64.1000 	67.5000 	54.7000 	59.2000 	59.2000 	103,890
Dec 23, 2022 	71.2500 	74.9000 	63.1000 	64.1000 	64.1000 	104,730
Dec 22, 2022 	58.4000 	71.8000 	57.9000 	70.5000 	70.5000 	150,670
Dec 21, 2022 	63.5000 	65.9000 	56.5000 	59.4000 	59.4000 	177,140
Dec 20, 2022 	95.2000 	97.9500 	60.5000 	60.7000 	60.7000 	494,210
Dec 19, 2022 	132.7000 	133.3000 	99.1000 	100.1000 	100.1000 	171,240
Dec 16, 2022 	125.0000 	143.8000 	124.4500 	133.8000 	133.8000 	253,220
Dec 15, 2022 	119.0000 	132.6000 	100.5000 	127.4000 	127.4000 	261,580
Dec 14, 2022 	96.5000 	137.5000 	90.5000 	122.9000 	122.9000 	501,080
Dec 13, 2022 	102.0000 	102.0000 	86.1000 	94.7000 	94.7000 	110,080
Dec 12, 2022 	89.7000 	102.4000 	85.4000 	95.1000 	95.1000 	495,660
Dec 9, 2022 	89.7000 	89.7000 	66.6000 	79.0000 	79.0000 	257,750
Dec 8, 2022 	61.5000 	96.8000 	59.0000 	91.0000 	91.0000 	733,710
Dec 7, 2022 	46.5000 	64.1000 	45.0000 	58.9000 	58.9000 	1,177,780
Dec 6, 2022 	49.2000 	51.8000 	41.8500 	46.5000 	46.5000 	170,300
Dec 5, 2022 	55.0000 	58.0000 	48.4000 	52.1000 	52.1000 	68,880
Dec 2, 2022 	79.4000 	79.4000 	41.1000 	54.9000 	54.9000 	216,430
Dec 1, 2022 	67.5000 	82.5500 	65.6600 	80.5000 	80.5000 	55,370
Nov 30, 2022 	59.6000 	67.4500 	59.6000 	67.4000 	67.4000 	26,830
Nov 29, 2022 	65.4000 	65.4000 	55.8000 	59.2000 	59.2000 	36,000
Nov 28, 2022 	66.5000 	71.7000 	62.1000 	62.3000 	62.3000 	30,430
Nov 25, 2022 	61.4000 	68.5200 	59.6600 	66.1000 	66.1000 	29,460
Nov 23, 2022 	59.7000 	61.4000 	56.5000 	61.2000 	61.2000 	14,870
Nov 22, 2022 	60.0000 	62.5000 	58.4000 	59.7000 	59.7000 	25,210
Nov 21, 2022 	58.3000 	61.9500 	55.0000 	59.2000 	59.2000 	23,790
Nov 18, 2022 	51.6000 	59.0000 	49.0000 	56.7000 	56.7000 	34,020
Nov 17, 2022 	49.2000 	52.5000 	46.3000 	51.3000 	51.3000 	18,160
Nov 16, 2022 	50.0000 	50.5500 	45.2000 	49.3000 	49.3000 	16,070
Nov 15, 2022 	52.9000 	52.9000 	44.3000 	49.7000 	49.7000 	33,950
Nov 14, 2022 	52.6000 	54.4000 	48.7000 	51.0000 	51.0000 	23,300
Nov 11, 2022 	44.4000 	51.4000 	42.2000 	50.7000 	50.7000 	34,690
Nov 10, 2022 	45.7500 	48.9000 	45.2000 	46.9000 	46.9000 	15,290
Nov 9, 2022 	45.6000 	49.6000 	40.5100 	45.3000 	45.3000 	56,110
Nov 8, 2022 	42.0000 	46.5000 	42.0000 	45.1000 	45.1000 	34,000
Nov 7, 2022 	41.8000 	44.2000 	39.3000 	41.9000 	41.9000 	38,040
Nov 4, 2022 	43.2000 	43.2000 	40.1000 	41.8000 	41.8000 	16,390
Nov 3, 2022 	39.5000 	43.6000 	38.4000 	42.7000 	42.7000 	27,430
Nov 2, 2022 	40.1000 	42.5700 	39.1000 	39.9000 	39.9000 	23,470
Nov 1, 2022 	43.0000 	43.0000 	40.0000 	40.6000 	40.6000 	12,840
Oct 31, 2022 	39.3000 	42.9000 	38.1300 	42.3000 	42.3000 	21,320
Oct 28, 2022 	40.0000 	40.6700 	36.4000 	39.3000 	39.3000 	45,070
Oct 27, 2022 	42.1000 	43.0000 	40.0000 	41.9000 	41.9000 	18,930
Oct 26, 2022 	41.5000 	43.9000 	40.0000 	42.0000 	42.0000 	61,330
Oct 25, 2022 	36.8000 	41.5600 	36.8000 	39.7500 	39.7500 	58,280
Oct 24, 2022 	34.6000 	38.5000 	32.1000 	37.8000 	37.8000 	61,990
Oct 21, 2022 	34.2000 	34.7000 	30.8000 	34.0000 	34.0000 	37,540
Oct 20, 2022 	32.1000 	34.8000 	31.5000 	33.9000 	33.9000 	55,060
Oct 19, 2022 	29.2000 	33.0000 	28.9000 	31.6000 	31.6000 	121,900
Oct 18, 2022 	27.9000 	28.5000 	27.5000 	28.4000 	28.4000 	6,040
Oct 17, 2022 	28.0000 	28.4000 	26.3000 	27.3000 	27.3000 	16,970
Oct 14, 2022 	26.1500 	26.7000 	24.6700 	26.2000 	26.2000 	2,490
Oct 13, 2022 	24.8000 	26.5000 	24.0000 	26.3000 	26.3000 	3,180
Oct 12, 2022 	26.6000 	26.7100 	24.5800 	25.6000 	25.6000 	2,640
Oct 11, 2022 	26.8000 	26.8000 	24.5000 	25.9000 	25.9000 	6,370
Oct 10, 2022 	26.3000 	27.4000 	25.2000 	26.7000 	26.7000 	4,820
Oct 7, 2022 	27.3300 	27.5500 	26.1400 	26.8000 	26.8000 	5,580
Oct 6, 2022 	25.8000 	28.0000 	25.2500 	27.0000 	27.0000 	8,720
Oct 5, 2022 	25.7000 	26.4000 	24.7000 	26.2000 	26.2000 	4,470
Oct 4, 2022 	25.4500 	27.9000 	25.1000 	26.3000 	26.3000 	23,340
Oct 3, 2022 	23.9000 	25.2000 	23.4200 	24.3000 	24.3000 	7,040
Sep 30, 2022 	22.8000 	25.9000 	22.8000 	24.9000 	24.9000 	7,490
Sep 29, 2022 	25.0000 	25.0000 	22.8000 	24.1000 	24.1000 	6,360
Sep 28, 2022 	24.1000 	26.3000 	24.0000 	25.6000 	25.6000 	21,330
Sep 27, 2022 	23.0000 	25.0000 	21.1000 	23.6000 	23.6000 	8,480
Sep 26, 2022 	21.5000 	23.5000 	21.3000 	22.6000 	22.6000 	5,260
Sep 23, 2022 	21.9000 	22.3000 	19.6000 	21.8000 	21.8000 	8,680
Sep 22, 2022 	21.3000 	22.7000 	20.0000 	22.0000 	22.0000 	11,440
Sep 21, 2022 	21.6000 	22.9000 	20.7000 	21.9000 	21.9000 	11,010
Sep 20, 2022 	23.5000 	23.8000 	21.5000 	21.9000 	21.9000 	20,770
Sep 19, 2022 	26.5000 	26.5000 	23.5000 	23.5000 	23.5000 	11,500
Sep 16, 2022 	23.7000 	26.5500 	23.7000 	26.0000 	26.0000 	14,050
Sep 15, 2022 	25.5000 	26.6000 	24.3000 	25.2000 	25.2000 	8,780
Sep 14, 2022 	25.4000 	26.3000 	23.7000 	25.6000 	25.6000 	25,780
Sep 13, 2022 	24.0000 	27.4000 	22.7000 	26.4000 	26.4000 	31,020
Sep 12, 2022 	28.0000 	28.5000 	25.0000 	25.2000 	25.2000 	38,660
Sep 9, 2022 	29.0000 	30.4400 	27.4000 	28.1000 	28.1000 	51,340
Sep 8, 2022 	29.9000 	31.7000 	28.6000 	30.3000 	30.3000 	83,330
Sep 7, 2022 	41.4000 	42.5000 	30.1000 	31.1000 	31.1000 	1,477,750
Sep 6, 2022 	28.3000 	34.4000 	28.2000 	34.4000 	34.4000 	23,870
Sep 2, 2022 	31.3000 	31.3000 	27.0000 	28.1000 	28.1000 	6,530
Sep 1, 2022 	35.5000 	36.0000 	30.2000 	30.6000 	30.6000 	7,380
Aug 31, 2022 	32.0000 	36.2000 	32.0000 	36.1000 	36.1000 	9,150
Aug 30, 2022 	33.9000 	34.1000 	29.5000 	32.0000 	32.0000 	12,280
Aug 29, 2022 	27.1000 	33.7000 	27.1000 	32.1000 	32.1000 	23,850
Aug 26, 2022 	28.2700 	29.2000 	26.0000 	26.7900 	26.7900 	3,460
Aug 25, 2022 	28.8000 	30.3000 	28.6000 	29.1000 	29.1000 	1,730
Aug 24, 2022 	28.5000 	30.1800 	28.1000 	28.9000 	28.9000 	1,040
Aug 23, 2022 	28.1000 	28.5000 	25.1000 	28.5000 	28.5000 	2,580
Aug 22, 2022 	27.1000 	28.8000 	26.2000 	27.9000 	27.9000 	2,200
Aug 19, 2022 	30.7000 	30.7200 	26.7000 	27.4000 	27.4000 	5,090
Aug 18, 2022 	31.8000 	33.6400 	29.7000 	31.0000 	31.0000 	7,760
Aug 17, 2022 	26.2000 	30.8000 	25.0000 	30.0000 	30.0000 	19,290
Aug 16, 2022 	24.6000 	28.6000 	24.1500 	25.0000 	25.0000 	11,160
Aug 15, 2022 	23.0000 	24.8000 	22.4000 	23.8000 	23.8000 	4,960
Aug 12, 2022 	20.7000 	22.4500 	20.7000 	22.3000 	22.3000 	2,260
Aug 11, 2022 	19.8000 	21.1000 	19.6000 	20.8000 	20.8000 	3,050
Aug 10, 2022 	19.6000 	20.5000 	19.6000 	20.5000 	20.5000 	1,290
Aug 9, 2022 	19.9000 	20.2500 	18.1000 	19.0000 	19.0000 	4,290
Aug 8, 2022 	21.1000 	22.4800 	19.5000 	20.2000 	20.2000 	8,160
Aug 5, 2022 	23.3000 	23.3000 	21.8000 	21.8000 	21.8000 	1,710
Aug 4, 2022 	22.0000 	22.2000 	21.7000 	22.0000 	22.0000 	2,270
Aug 3, 2022 	21.4000 	22.1000 	20.4000 	21.6000 	21.6000 	1,970
Aug 2, 2022 	20.8000 	21.4600 	20.0000 	21.3000 	21.3000 	2,670
Aug 1, 2022 	21.5000 	22.1000 	20.6000 	20.9000 	20.9000 	1,210
Jul 29, 2022 	21.7000 	22.1000 	20.8000 	21.5000 	21.5000 	2,870
Jul 28, 2022 	21.2300 	22.4000 	21.2300 	21.9000 	21.9000 	2,540
Jul 27, 2022 	23.3000 	23.4000 	20.6000 	21.7000 	21.7000 	4,230
Jul 26, 2022 	24.5000 	24.6000 	22.8000 	23.6000 	23.6000 	4,290
Jul 25, 2022 	22.5000 	25.7000 	22.3000 	24.6000 	24.6000 	7,760
Jul 22, 2022 	22.7000 	22.7000 	21.6000 	22.1000 	22.1000 	6,930
Jul 21, 2022 	18.9000 	21.8000 	18.7000 	21.0000 	21.0000 	7,630
Jul 20, 2022 	19.3000 	19.6000 	18.8800 	19.2000 	19.2000 	2,370
Jul 19, 2022 	19.1000 	20.0000 	18.6800 	19.5000 	19.5000 	3,140
Jul 18, 2022 	17.9300 	19.7000 	17.9300 	18.7000 	18.7000 	2,590
Jul 15, 2022 	18.4000 	19.0000 	17.5000 	17.9000 	17.9000 	3,230
Jul 14, 2022 	18.6100 	18.6100 	17.2000 	18.4000 	18.4000 	2,340
Jul 13, 2022 	18.7000 	18.9000 	18.1000 	18.7000 	18.7000 	1,640
Jul 12, 2022 	19.3000 	19.3000 	17.2000 	18.7000 	18.7000 	4,800
Jul 11, 2022 	19.0000 	19.0500 	18.3000 	18.3000 	18.3000 	2,100
Jul 8, 2022 	17.4000 	19.1000 	17.3200 	18.0000 	18.0000 	1,920
Jul 7, 2022 	20.0000 	20.0000 	16.0000 	17.1000 	17.1000 	20,640
Jul 6, 2022 	16.5000 	20.0000 	16.5000 	19.4000 	19.4000 	9,890
Jul 5, 2022 	14.0400 	16.7000 	14.0000 	16.3000 	16.3000 	4,860
Jul 1, 2022 	14.4500 	14.5000 	13.2500 	13.8000 	13.8000 	4,810
Jun 30, 2022 	14.1000 	15.0000 	13.4900 	14.5000 	14.5000 	4,480
Jun 29, 2022 	15.2000 	15.4000 	14.0000 	14.4000 	14.4000 	8,190
Jun 28, 2022 	17.0000 	17.0000 	15.1000 	15.4000 	15.4000 	6,640
Jun 27, 2022 	18.1000 	18.1000 	16.8000 	17.0000 	17.0000 	6,160
Jun 24, 2022 	18.7000 	19.4000 	17.5000 	17.8000 	17.8000 	13,720
Jun 23, 2022 	17.7000 	23.9000 	16.5000 	18.6000 	18.6000 	71,480
Jun 22, 2022 	16.8000 	17.0000 	16.3500 	16.8000 	16.8000 	1,220
Jun 21, 2022 	17.6000 	17.6000 	16.5000 	16.9000 	16.9000 	1,950
Jun 17, 2022 	17.3000 	17.8000 	16.5000 	17.1000 	17.1000 	2,300
Jun 16, 2022 	16.3000 	17.3000 	16.3000 	17.2000 	17.2000 	1,260
Jun 15, 2022 	16.9000 	17.6000 	16.6000 	17.1000 	17.1000 	1,570
Jun 14, 2022 	16.9000 	17.4000 	16.2000 	17.0000 	17.0000 	2,770
Jun 13, 2022 	17.0000 	17.5000 	16.4500 	17.1000 	17.1000 	3,100
Jun 10, 2022 	18.1000 	18.2000 	17.0000 	17.5000 	17.5000 	4,840
Jun 9, 2022 	18.3000 	18.5000 	17.8000 	18.1000 	18.1000 	1,320
Jun 8, 2022 	18.5000 	19.0400 	17.9000 	18.2000 	18.2000 	4,140
Jun 7, 2022 	19.7000 	19.7000 	18.2000 	18.2000 	18.2000 	9,550
Jun 6, 2022 	19.8000 	19.8000 	17.6000 	18.1000 	18.1000 	4,810
Jun 3, 2022 	20.0000 	20.1000 	19.2800 	19.8000 	19.8000 	4,260
Jun 2, 2022 	23.5000 	23.9000 	20.3000 	20.6000 	20.6000 	10,880
Jun 1, 2022 	26.0000 	26.0000 	22.5000 	23.5000 	23.5000 	3,140
May 31, 2022 	28.0000 	28.0000 	25.4000 	25.6000 	25.6000 	900
May 27, 2022 	25.7000 	27.0000 	25.5000 	26.4000 	26.4000 	2,040
May 26, 2022 	25.7000 	26.0000 	25.0000 	25.4000 	25.4000 	3,090
May 25, 2022 	25.0000 	25.7500 	25.0000 	25.4000 	25.4000 	1,810
May 24, 2022 	26.7000 	26.9000 	25.1000 	25.2000 	25.2000 	1,310
May 23, 2022 	28.7000 	28.8000 	26.1000 	27.2000 	27.2000 	1,120
May 20, 2022 	29.5000 	29.5000 	28.2500 	28.6000 	28.6000 	1,090
May 19, 2022 	30.9000 	34.3500 	29.2000 	29.3000 	29.3000 	3,540
May 18, 2022 	27.9000 	30.8000 	27.9000 	28.8000 	28.8000 	2,820
May 17, 2022 	28.7000 	29.0000 	27.3000 	28.8000 	28.8000 	2,530
May 16, 2022 	26.8400 	28.7000 	26.6500 	28.6000 	28.6000 	2,770
May 13, 2022 	25.3000 	27.4000 	25.3000 	26.2000 	26.2000 	5,230
May 12, 2022 	25.5000 	28.5000 	25.5000 	26.3000 	26.3000 	1,980
May 11, 2022 	27.7000 	28.4500 	26.5000 	26.5000 	26.5000 	2,450
May 10, 2022 	31.7000 	31.7000 	27.0000 	28.7000 	28.7000 	8,070
May 9, 2022 	34.0000 	34.0000 	30.2200 	30.5000 	30.5000 	1,850
May 6, 2022 	32.2000 	33.3000 	32.2000 	33.0000 	33.0000 	1,370
May 5, 2022 	34.5000 	34.5000 	32.2000 	32.2000 	32.2000 	1,150
May 4, 2022 	36.3000 	38.1000 	35.0000 	35.5000 	35.5000 	4,440
May 3, 2022 	35.6000 	36.5000 	35.3000 	35.6000 	35.6000 	680
May 2, 2022 	36.7000 	38.5000 	35.0000 	36.0000 	36.0000 	1,050
Apr 29, 2022 	38.8000 	39.8000 	37.0000 	37.2000 	37.2000 	2,610
Apr 28, 2022 	41.5000 	41.5000 	38.5000 	38.5000 	38.5000 	2,660
Apr 27, 2022 	39.9000 	41.5000 	38.7000 	40.7000 	40.7000 	1,640
Apr 26, 2022 	41.9500 	41.9500 	38.0000 	40.0000 	40.0000 	4,700
Apr 25, 2022 	39.2000 	42.3000 	38.2100 	40.2000 	40.2000 	2,460
Apr 22, 2022 	40.0000 	40.8300 	38.0000 	39.2000 	39.2000 	2,060
Apr 21, 2022 	43.1000 	43.5000 	38.3000 	39.8000 	39.8000 	1,910
Apr 20, 2022 	43.5000 	44.0000 	42.5000 	43.3000 	43.3000 	1,240
Apr 19, 2022 	47.1000 	47.1000 	42.6700 	43.1000 	43.1000 	3,730
Apr 18, 2022 	46.2000 	48.1000 	42.7000 	44.0000 	44.0000 	1,910
Apr 14, 2022 	45.9000 	48.1000 	43.7000 	44.2000 	44.2000 	2,700
Apr 13, 2022 	43.5000 	47.9000 	42.5000 	44.1000 	44.1000 	4,250
Apr 12, 2022 	47.8000 	47.8000 	43.2600 	43.3000 	43.3000 	4,940
Apr 11, 2022 	48.9000 	49.9000 	46.6000 	47.9000 	47.9000 	2,410
Apr 8, 2022 	48.2000 	50.2000 	48.0000 	48.9000 	48.9000 	770
Apr 7, 2022 	49.5000 	49.5000 	48.0000 	48.2000 	48.2000 	690
Apr 6, 2022 	50.1000 	50.7300 	47.3000 	49.7000 	49.7000 	3,190
Apr 5, 2022 	50.0000 	51.0000 	47.8000 	50.4000 	50.4000 	3,330
Apr 4, 2022 	48.9000 	50.5900 	48.1000 	48.6000 	48.6000 	10,390
Apr 1, 2022 	47.8000 	51.0000 	46.8000 	49.5000 	49.5000 	9,910
Mar 31, 2022 	49.0000 	49.5000 	46.8100 	47.2000 	47.2000 	9,890
Mar 30, 2022 	50.0000 	52.0000 	47.5000 	48.6000 	48.6000 	18,420
Mar 29, 2022 	43.5500 	50.3000 	42.1000 	48.5000 	48.5000 	31,230
Mar 28, 2022 	42.0000 	42.8000 	41.0000 	42.0000 	42.0000 	3,450
Mar 25, 2022 	42.0000 	42.0000 	38.2000 	40.6000 	40.6000 	1,420
Mar 24, 2022 	38.7600 	40.5000 	36.8700 	39.5000 	39.5000 	3,620
Mar 23, 2022 	40.3000 	40.3000 	36.1000 	38.6500 	38.6500 	2,020
Mar 22, 2022 	41.0000 	41.1100 	39.1000 	40.5000 	40.5000 	1,900
Mar 21, 2022 	40.0000 	41.6000 	38.9000 	40.2000 	40.2000 	2,380
Mar 18, 2022 	34.5000 	39.9000 	34.2000 	39.9000 	39.9000 	10,140
Mar 17, 2022 	32.8000 	34.2000 	32.3600 	33.2000 	33.2000 	3,280
Mar 16, 2022 	28.7000 	32.0800 	28.5000 	30.3000 	30.3000 	1,830
Mar 15, 2022 	30.0000 	30.6300 	28.1000 	28.1000 	28.1000 	2,000
Mar 14, 2022 	32.9000 	32.9000 	26.9000 	27.7000 	27.7000 	5,610
Mar 11, 2022 	32.6500 	33.8000 	30.5000 	32.2000 	32.2000 	16,860
Mar 10, 2022 	30.4000 	31.8000 	29.8000 	31.2000 	31.2000 	340
Mar 9, 2022 	31.2400 	31.9900 	30.0000 	30.5000 	30.5000 	2,160
Mar 8, 2022 	31.9000 	36.8000 	28.9000 	30.0000 	30.0000 	2,660
Mar 7, 2022 	30.9000 	32.8000 	28.5000 	29.0000 	29.0000 	1,790
Mar 4, 2022 	31.8700 	32.4000 	30.2400 	31.1000 	31.1000 	950
Mar 3, 2022 	30.5600 	33.7000 	30.5600 	33.7000 	33.7000 	520
Mar 2, 2022 	33.0000 	34.5000 	33.0000 	33.4000 	33.4000 	760
Mar 1, 2022 	31.3000 	34.5000 	31.3000 	32.4000 	32.4000 	1,000
Feb 28, 2022 	31.9000 	33.5000 	31.1000 	31.1000 	31.1000 	670
Feb 25, 2022 	31.9000 	35.1000 	31.8000 	32.8000 	32.8000 	750
Feb 24, 2022 	31.2000 	32.5000 	29.8000 	31.3000 	31.3000 	4,020
Feb 23, 2022 	34.0000 	35.5900 	32.0000 	32.1000 	32.1000 	3,090
Feb 22, 2022 	32.1000 	34.1000 	32.0000 	33.3000 	33.3000 	1,470
Feb 18, 2022 	32.3000 	32.5000 	30.6000 	31.6000 	31.6000 	1,910
Feb 17, 2022 	34.9700 	37.7000 	31.1000 	32.9000 	32.9000 	5,140
Feb 16, 2022 	32.1000 	34.4000 	31.1000 	34.4000 	34.4000 	1,170
Feb 15, 2022 	31.9000 	33.0000 	30.0000 	31.7500 	31.7500 	4,510
Feb 14, 2022 	32.8000 	36.1000 	31.0000 	32.1000 	32.1000 	16,540
Feb 11, 2022 	34.1000 	34.1000 	30.9000 	31.3000 	31.3000 	2,810
Feb 10, 2022 	32.5000 	35.3600 	32.5000 	32.8000 	32.8000 	3,350
Feb 9, 2022 	30.7000 	33.4500 	28.0000 	33.0000 	33.0000 	6,310
Feb 8, 2022 	26.9000 	28.3000 	25.2000 	28.0000 	28.0000 	4,770
Feb 7, 2022 	27.0000 	31.5000 	25.2000 	27.4000 	27.4000 	15,560
Feb 4, 2022 	30.0500 	30.0500 	26.0000 	27.5000 	27.5000 	16,320
Feb 3, 2022 	31.1000 	31.1000 	28.7000 	29.4500 	29.4500 	4,320
Feb 2, 2022 	32.0000 	32.9300 	28.6000 	31.1000 	31.1000 	8,570
Feb 1, 2022 	32.2000 	33.8000 	29.9000 	32.0000 	32.0000 	6,960
Jan 31, 2022 	31.8400 	35.8000 	30.5500 	31.7000 	31.7000 	7,850
Jan 28, 2022 	30.9000 	32.0000 	28.0000 	28.8000 	28.8000 	4,930
Jan 27, 2022 	34.6000 	35.7000 	29.4000 	31.2000 	31.2000 	13,310
Jan 26, 2022 	39.5000 	40.0000 	34.1000 	34.7000 	34.7000 	4,000
Jan 25, 2022 	38.1000 	38.5000 	33.3000 	36.6000 	36.6000 	8,940
Jan 24, 2022 	39.5000 	40.5900 	36.6000 	37.9500 	37.9500 	4,190
Jan 21, 2022 	46.5000 	47.8500 	39.3000 	39.9000 	39.9000 	16,620
Jan 20, 2022 	45.7000 	46.8800 	45.5000 	45.9000 	45.9000 	1,240
Jan 19, 2022 	46.2000 	47.6300 	44.4000 	46.3000 	46.3000 	4,680
Jan 18, 2022 	44.7000 	46.3000 	43.0000 	45.6000 	45.6000 	1,210
Jan 14, 2022 	44.3000 	44.7000 	43.5000 	44.7000 	44.7000 	1,360
Jan 13, 2022 	47.5000 	47.5000 	43.5000 	44.4000 	44.4000 	1,440
Jan 12, 2022 	48.8000 	48.8000 	43.8000 	45.9000 	45.9000 	5,540
Jan 11, 2022 	46.4000 	48.6000 	45.4500 	48.2000 	48.2000 	1,380
Jan 10, 2022 	47.4000 	47.4000 	45.0000 	45.9000 	45.9000 	1,910
Jan 7, 2022 	52.7000 	53.5600 	47.0000 	48.8000 	48.8000 	6,680
Jan 6, 2022 	56.2000 	57.3000 	51.6000 	52.4000 	52.4000 	4,130
Jan 5, 2022 	50.4000 	56.5000 	49.4500 	56.5000 	56.5000 	6,870
Jan 4, 2022 	51.4000 	51.4900 	48.1000 	49.0000 	49.0000 	1,270
Jan 3, 2022 	46.9000 	50.5000 	46.0000 	50.4000 	50.4000 	3,640
Dec 31, 2021 	45.1000 	47.5000 	44.0000 	45.0000 	45.0000 	5,860
Dec 30, 2021 	43.9000 	47.0000 	43.6000 	45.9000 	45.9000 	4,810
Dec 29, 2021 	45.1000 	45.9000 	44.0000 	44.1000 	44.1000 	2,550
Dec 28, 2021 	45.8000 	48.5300 	44.0000 	45.0000 	45.0000 	4,010
Dec 27, 2021 	50.5000 	50.5000 	45.8000 	47.1000 	47.1000 	5,420
Dec 23, 2021 	53.0000 	53.0000 	49.5100 	50.1000 	50.1000 	2,090
Dec 22, 2021 	55.0000 	55.5000 	51.3000 	52.0000 	52.0000 	1,700
Dec 21, 2021 	50.2000 	56.2000 	46.8000 	56.0000 	56.0000 	11,480
Dec 20, 2021 	49.2000 	49.3000 	47.0000 	47.4000 	47.4000 	2,510
Dec 17, 2021 	48.5000 	50.0500 	45.8000 	49.2000 	49.2000 	4,670
Dec 16, 2021 	51.0000 	51.5500 	48.1000 	48.8000 	48.8000 	7,180
Dec 15, 2021 	49.7000 	53.0000 	49.5000 	50.7000 	50.7000 	3,230
Dec 14, 2021 	54.4000 	54.4000 	49.0000 	49.7000 	49.7000 	4,310
Dec 13, 2021 	53.3000 	59.0000 	52.5000 	55.1000 	55.1000 	6,110
Dec 10, 2021 	53.3000 	53.5000 	51.5500 	52.8000 	52.8000 	2,020
Dec 9, 2021 	54.0000 	54.3900 	52.6000 	53.0000 	53.0000 	1,690
Dec 8, 2021 	52.0000 	55.9500 	51.1000 	55.3000 	55.3000 	1,190
Dec 7, 2021 	52.0000 	57.2000 	51.1000 	51.3000 	51.3000 	6,420
Dec 6, 2021 	53.3000 	54.4000 	51.1000 	52.2000 	52.2000 	3,710
Dec 3, 2021 	57.9000 	58.7900 	51.4200 	53.4000 	53.4000 	11,470
Dec 2, 2021 	61.3000 	61.3000 	55.6000 	57.8000 	57.8000 	5,240
Dec 1, 2021 	65.0000 	66.2700 	58.6000 	59.1000 	59.1000 	4,760
Nov 30, 2021 	65.8000 	66.8300 	59.4000 	64.4000 	64.4000 	10,190
Nov 29, 2021 	64.9000 	67.0000 	60.6000 	66.0000 	66.0000 	11,920
Nov 26, 2021 	61.4000 	61.4000 	58.1500 	61.4000 	61.4000 	4,070
Nov 24, 2021 	57.5000 	60.5000 	56.5000 	60.5000 	60.5000 	2,790
Nov 23, 2021 	59.8900 	59.8900 	56.0500 	57.0000 	57.0000 	2,540
Nov 22, 2021 	59.1000 	59.9000 	55.8000 	59.6000 	59.6000 	6,230
Nov 19, 2021 	59.0000 	59.8000 	58.1000 	59.1000 	59.1000 	3,800
Nov 18, 2021 	61.5000 	61.5000 	56.9000 	59.8000 	59.8000 	6,980
Nov 17, 2021 	62.2000 	62.2000 	58.9000 	61.0000 	61.0000 	3,570
Nov 16, 2021 	58.6000 	62.5500 	57.1000 	61.6000 	61.6000 	9,130
Nov 15, 2021 	63.0000 	63.0000 	57.9000 	58.9000 	58.9000 	7,260
Nov 12, 2021 	63.9000 	63.9000 	60.8000 	62.2000 	62.2000 	6,770
Nov 11, 2021 	64.1000 	64.4000 	60.6000 	63.2000 	63.2000 	4,040
Nov 10, 2021 	63.3000 	65.3000 	60.7000 	64.5000 	64.5000 	5,500
Nov 9, 2021 	67.5000 	69.3000 	63.2000 	64.9000 	64.9000 	6,330
Nov 8, 2021 	67.4000 	67.4000 	65.3000 	67.3000 	67.3000 	2,390
Nov 5, 2021 	68.0000 	69.5000 	65.1000 	65.8000 	65.8000 	5,950
Nov 4, 2021 	70.0000 	76.0000 	65.9000 	67.5000 	67.5000 	24,630
Nov 3, 2021 	63.1000 	72.0000 	62.6000 	68.8000 	68.8000 	56,600
Nov 2, 2021 	66.0000 	68.5000 	62.7000 	64.1000 	64.1000 	8,310
Nov 1, 2021 	62.1000 	67.6000 	60.1200 	66.0000 	66.0000 	7,840
Oct 29, 2021 	61.9000 	62.5000 	57.8000 	61.2000 	61.2000 	7,720
Oct 28, 2021 	60.8000 	62.5000 	59.1000 	62.3000 	62.3000 	5,550
Oct 27, 2021 	64.7000 	67.4000 	59.6000 	59.7000 	59.7000 	23,810
Oct 26, 2021 	57.7000 	72.5000 	56.2000 	66.4000 	66.4000 	177,140
Oct 25, 2021 	56.1000 	56.1000 	53.5000 	54.6000 	54.6000 	4,360
Oct 22, 2021 	57.4000 	57.4000 	53.4000 	56.0000 	56.0000 	8,660
Oct 21, 2021 	58.5000 	59.9000 	56.7000 	56.9000 	56.9000 	3,710
Oct 20, 2021 	59.9000 	62.5000 	58.4000 	59.6000 	59.6000 	9,270
Oct 19, 2021 	57.8000 	61.0000 	57.1000 	59.8000 	59.8000 	4,260
Oct 18, 2021 	58.9600 	60.3000 	56.6000 	57.8000 	57.8000 	3,510
Oct 15, 2021 	61.1000 	61.8000 	58.3000 	59.0000 	59.0000 	3,500
Oct 14, 2021 	57.8000 	62.2000 	56.6100 	60.8000 	60.8000 	6,120
Oct 13, 2021 	56.3000 	57.7000 	55.0000 	56.6000 	56.6000 	4,350
Oct 12, 2021 	55.3000 	57.9000 	54.7000 	56.3000 	56.3000 	2,790
Oct 11, 2021 	57.4000 	58.1000 	55.0000 	55.3000 	55.3000 	3,850
Oct 8, 2021 	59.8000 	61.4000 	56.5000 	57.4000 	57.4000 	5,430
Oct 7, 2021 	57.0000 	61.9000 	56.1000 	58.8000 	58.8000 	6,880
Oct 6, 2021 	62.0000 	62.0000 	56.1000 	56.5000 	56.5000 	15,900
Oct 5, 2021 	65.3000 	65.3000 	60.0000 	63.0000 	63.0000 	14,020
Oct 4, 2021 	67.5000 	67.7000 	64.6000 	64.9500 	64.9500 	4,450
Oct 1, 2021 	66.9000 	71.7500 	65.1000 	69.9000 	69.9000 	3,770
Sep 30, 2021 	67.6000 	68.8000 	64.9000 	66.9000 	66.9000 	4,550
Sep 29, 2021 	67.8000 	69.9000 	65.6000 	67.3000 	67.3000 	4,530
Sep 28, 2021 	70.9000 	70.9000 	66.5000 	67.0000 	67.0000 	7,090
Sep 27, 2021 	72.9000 	72.9000 	68.2000 	70.7000 	70.7000 	8,320
Sep 24, 2021 	73.9800 	75.0000 	71.5000 	71.8000 	71.8000 	5,110
Sep 23, 2021 	78.5000 	78.5000 	73.6000 	75.6000 	75.6000 	3,910
Sep 22, 2021 	77.0000 	79.7000 	73.0000 	77.3000 	77.3000 	9,630
Sep 21, 2021 	75.7000 	77.8000 	75.5000 	76.9000 	76.9000 	5,990
Sep 20, 2021 	74.1000 	76.8000 	71.4000 	76.0000 	76.0000 	7,710
Sep 17, 2021 	76.6000 	78.4000 	75.0000 	75.2000 	75.2000 	10,560
Sep 16, 2021 	78.0000 	78.9000 	74.6000 	77.4000 	77.4000 	5,230
Sep 15, 2021 	77.3000 	77.6000 	74.2000 	77.6000 	77.6000 	5,840
Sep 14, 2021 	77.1000 	77.8000 	72.7000 	76.6000 	76.6000 	5,420
Sep 13, 2021 	73.2000 	78.0000 	73.2000 	76.1000 	76.1000 	8,480
Sep 10, 2021 	75.9000 	75.9000 	71.5000 	73.4000 	73.4000 	8,160
Sep 9, 2021 	73.9000 	76.4000 	71.1000 	75.7000 	75.7000 	12,810
Sep 8, 2021 	79.3000 	79.3000 	73.0000 	73.8000 	73.8000 	12,640
Sep 7, 2021 	77.2000 	80.2000 	77.2000 	79.6000 	79.6000 	5,350
Sep 3, 2021 	78.5000 	79.7000 	76.0000 	77.7000 	77.7000 	4,580
Sep 2, 2021 	80.0000 	81.4000 	77.0000 	77.9000 	77.9000 	5,680
Sep 1, 2021 	79.8000 	82.7000 	79.0000 	79.9000 	79.9000 	5,150
Aug 31, 2021 	83.3000 	83.3000 	79.0000 	79.8000 	79.8000 	6,730
Aug 30, 2021 	78.6000 	82.0000 	77.0000 	81.9000 	81.9000 	9,500
Aug 27, 2021 	78.8000 	81.0000 	77.7000 	79.0000 	79.0000 	5,390
Aug 26, 2021 	81.0000 	81.3000 	76.2000 	78.2000 	78.2000 	7,230
Aug 25, 2021 	79.0000 	81.9000 	77.8500 	80.4000 	80.4000 	9,550
Aug 24, 2021 	77.7000 	79.8000 	77.0000 	79.8000 	79.8000 	3,820
Aug 23, 2021 	79.6000 	80.0000 	77.5000 	78.9000 	78.9000 	3,510
Aug 20, 2021 	76.0000 	80.8000 	75.3000 	77.4000 	77.4000 	4,740
Aug 19, 2021 	78.5000 	81.0000 	75.5000 	76.8000 	76.8000 	8,640
Aug 18, 2021 	78.0000 	81.6000 	76.5000 	78.9000 	78.9000 	5,450
Aug 17, 2021 	77.7000 	79.9000 	75.6000 	78.6000 	78.6000 	9,090
Aug 16, 2021 	80.5000 	81.9000 	76.5000 	77.6000 	77.6000 	8,930
Aug 13, 2021 	82.1000 	82.1300 	80.0000 	81.3000 	81.3000 	4,800
Aug 12, 2021 	80.6000 	83.3000 	78.0000 	81.1000 	81.1000 	11,430
Aug 11, 2021 	84.5000 	87.5000 	78.5000 	81.9000 	81.9000 	16,820
Aug 10, 2021 	89.0000 	89.9000 	82.0000 	84.8000 	84.8000 	20,320
Aug 9, 2021 	83.5000 	90.0000 	80.5000 	90.0000 	90.0000 	89,330
Aug 6, 2021 	139.7000 	142.7000 	125.8000 	128.5000 	128.5000 	3,440
Aug 5, 2021 	139.5800 	139.5800 	129.8000 	136.7500 	136.7500 	1,800
Aug 4, 2021 	138.9000 	144.3000 	125.0000 	131.6000 	131.6000 	2,240
Aug 3, 2021 	141.3400 	144.7400 	139.4500 	141.0000 	141.0000 	640
Aug 2, 2021 	140.7500 	148.2000 	138.0000 	144.8000 	144.8000 	3,050
Jul 30, 2021 	151.8500 	154.0300 	139.0000 	141.4000 	141.4000 	2,570
Jul 29, 2021 	159.4000 	159.4000 	149.0000 	150.5000 	150.5000 	1,350
Jul 28, 2021 	150.3700 	158.9000 	150.3700 	155.9000 	155.9000 	780
Jul 27, 2021 	152.7000 	157.1000 	149.0000 	150.3000 	150.3000 	2,840
Jul 26, 2021 	155.2000 	159.5500 	150.1000 	150.7000 	150.7000 	730
Jul 23, 2021 	157.3000 	159.5000 	150.4500 	157.0000 	157.0000 	2,050
Jul 22, 2021 	150.3000 	169.8000 	149.0000 	155.2000 	155.2000 	2,650
Jul 21, 2021 	158.8000 	160.0000 	142.9000 	156.5000 	156.5000 	1,070
Jul 20, 2021 	150.5000 	155.1000 	142.4000 	155.1000 	155.1000 	3,260
Jul 19, 2021 	145.0000 	153.7000 	138.8000 	150.0000 	150.0000 	5,490
Jul 16, 2021 	149.7000 	151.8900 	142.7000 	145.5000 	145.5000 	960
Jul 15, 2021 	152.0000 	154.8000 	142.6000 	144.8000 	144.8000 	850
Jul 14, 2021 	160.1000 	160.1000 	149.0000 	152.2000 	152.2000 	820
Jul 13, 2021 	154.2000 	160.1000 	146.8000 	158.4000 	158.4000 	4,110
Jul 12, 2021 	154.1000 	156.4000 	147.3000 	154.7000 	154.7000 	980
Jul 9, 2021 	153.3000 	154.0000 	146.5000 	151.7000 	151.7000 	1,400
Jul 8, 2021 	152.0000 	159.2800 	147.7000 	149.9000 	149.9000 	1,570
Jul 7, 2021 	170.0000 	170.0000 	156.1000 	158.9000 	158.9000 	1,660
Jul 6, 2021 	166.7000 	170.0000 	164.3000 	169.3000 	169.3000 	1,180
Jul 2, 2021 	167.2500 	169.9000 	165.4000 	166.1000 	166.1000 	720
Jul 1, 2021 	169.4000 	169.4000 	163.1000 	164.5000 	164.5000 	900
Jun 30, 2021 	168.7000 	172.0000 	165.0000 	169.5000 	169.5000 	1,720
Jun 29, 2021 	174.6000 	177.1000 	165.0000 	168.1000 	168.1000 	1,830
Jun 28, 2021 	177.6000 	179.0100 	167.5000 	170.0000 	170.0000 	3,630
Jun 25, 2021 	172.5000 	174.8000 	167.5000 	173.4000 	173.4000 	3,830
Jun 24, 2021 	170.0000 	170.0000 	160.1000 	169.8000 	169.8000 	2,190
Jun 23, 2021 	170.5000 	174.0000 	166.0000 	169.0000 	169.0000 	1,720
Jun 22, 2021 	170.0000 	170.0000 	164.1000 	169.4000 	169.4000 	3,110
Jun 21, 2021 	166.5000 	176.2400 	160.1000 	169.9000 	169.9000 	3,610
Jun 18, 2021 	172.4000 	174.1000 	160.4000 	165.2000 	165.2000 	5,430
Jun 17, 2021 	167.1000 	173.3900 	166.0000 	172.4000 	172.4000 	3,800
Jun 16, 2021 	165.6000 	175.8900 	165.6000 	170.9000 	170.9000 	4,160
Jun 15, 2021 	180.0000 	180.6000 	161.7300 	165.0000 	165.0000 	9,780
Jun 14, 2021 	191.0000 	191.0000 	171.8500 	180.0000 	180.0000 	8,180
Jun 11, 2021 	150.0000 	182.7000 	150.0000 	180.9000 	180.9000 	14,150
Jun 10, 2021 	148.4000 	158.3000 	139.2300 	148.7000 	148.7000 	900
Jun 9, 2021 	156.3000 	164.1000 	144.9000 	149.1000 	149.1000 	2,810
Jun 8, 2021 	163.5000 	167.0000 	153.8000 	155.1000 	155.1000 	6,560
Jun 7, 2021 	151.1000 	164.1900 	146.7000 	162.0000 	162.0000 	6,160
Jun 4, 2021 	145.7000 	152.9000 	141.5000 	150.0000 	150.0000 	4,460
Jun 3, 2021 	140.7000 	144.9000 	139.1500 	143.4000 	143.4000 	3,190
Jun 2, 2021 	143.0000 	149.3900 	135.6000 	143.1000 	143.1000 	2,480
Jun 1, 2021 	139.5000 	143.1000 	133.8000 	139.4000 	139.4000 	2,300
May 28, 2021 	147.2000 	149.9000 	135.7000 	137.5000 	137.5000 	2,690
May 27, 2021 	145.3000 	149.0000 	139.9100 	145.7000 	145.7000 	3,360
May 26, 2021 	133.0000 	149.3500 	133.0000 	143.9000 	143.9000 	3,290
May 25, 2021 	148.2000 	148.2000 	131.5400 	133.1000 	133.1000 	4,340
May 24, 2021 	149.9000 	149.9000 	138.5000 	138.5000 	138.5000 	2,240
May 21, 2021 	142.6000 	149.8000 	141.3000 	149.4000 	149.4000 	4,810
May 20, 2021 	138.8000 	146.5500 	136.5000 	139.9000 	139.9000 	5,300
May 19, 2021 	134.4000 	143.0000 	133.5000 	136.6000 	136.6000 	5,060
May 18, 2021 	139.2000 	143.1000 	134.5000 	138.4000 	138.4000 	3,050
May 17, 2021 	127.4000 	139.0000 	127.4000 	137.7000 	137.7000 	3,850
May 14, 2021 	121.7000 	135.0000 	120.2000 	131.5000 	131.5000 	7,460
May 13, 2021 	138.0000 	143.4000 	116.2000 	121.5000 	121.5000 	10,350
May 12, 2021 	147.5000 	150.0000 	136.0000 	137.0000 	137.0000 	6,530
May 11, 2021 	140.1000 	153.6000 	130.0000 	148.5000 	148.5000 	10,170
May 10, 2021 	163.2000 	172.7000 	139.9000 	150.0000 	150.0000 	13,810
May 7, 2021 	134.8000 	157.3000 	134.8000 	153.5000 	153.5000 	9,460
May 6, 2021 	133.5200 	142.4000 	130.1000 	132.0000 	132.0000 	6,620
May 5, 2021 	157.7000 	160.0000 	138.3000 	141.3000 	141.3000 	9,210
May 4, 2021 	168.6000 	171.5500 	151.8000 	154.3000 	154.3000 	9,600
May 3, 2021 	176.7000 	183.2000 	169.6000 	172.8000 	172.8000 	9,950
Apr 30, 2021 	160.0000 	184.5500 	159.2000 	175.1000 	175.1000 	12,230
Apr 29, 2021 	188.2000 	197.9000 	158.3000 	162.1000 	162.1000 	17,500
Apr 28, 2021 	182.9000 	194.7900 	161.6000 	188.8000 	188.8000 	26,170
Apr 27, 2021 	220.0000 	238.6000 	205.0000 	215.0000 	215.0000 	33,820
Apr 26, 2021 	187.5000 	216.1000 	181.0000 	216.1000 	216.1000 	24,380
Apr 23, 2021 	133.4000 	183.4800 	133.4000 	177.7000 	177.7000 	27,770
Apr 22, 2021 	135.4000 	136.6000 	121.1000 	133.5000 	133.5000 	8,340
Apr 21, 2021 	100.5000 	144.9000 	98.6000 	133.4000 	133.4000 	27,010
Apr 20, 2021 	119.1000 	125.0000 	104.7000 	105.7000 	105.7000 	12,240
Apr 19, 2021 	130.5000 	133.8000 	114.1000 	121.0000 	121.0000 	9,700
Apr 16, 2021 	133.8000 	140.0000 	126.9900 	131.9000 	131.9000 	12,060
Apr 15, 2021 	143.0000 	152.0000 	133.5000 	134.3000 	134.3000 	4,460
Apr 14, 2021 	139.4000 	153.4000 	139.1500 	142.0000 	142.0000 	12,520
Apr 13, 2021 	156.7000 	160.0000 	136.8800 	139.0000 	139.0000 	10,050
Apr 12, 2021 	164.8000 	171.9000 	154.0300 	157.8000 	157.8000 	4,360
Apr 9, 2021 	167.4000 	174.0500 	159.1000 	165.0000 	165.0000 	3,250
Apr 8, 2021 	166.7000 	179.5000 	160.6000 	168.2000 	168.2000 	2,710
Apr 7, 2021 	170.0000 	177.3000 	161.6600 	162.7000 	162.7000 	3,620
Apr 6, 2021 	187.2000 	188.0200 	169.0000 	174.5000 	174.5000 	6,810
Apr 5, 2021 	188.2000 	193.7500 	175.2000 	188.5000 	188.5000 	8,290
Apr 1, 2021 	191.6000 	197.0000 	180.1000 	186.9000 	186.9000 	2,300
Mar 31, 2021 	175.4000 	195.5000 	174.9800 	193.4000 	193.4000 	2,540
Mar 30, 2021 	168.3000 	198.0000 	168.3000 	171.3000 	171.3000 	6,380
Mar 29, 2021 	184.4000 	184.4000 	162.2000 	172.2000 	172.2000 	4,510
Mar 26, 2021 	175.5000 	199.1000 	171.0000 	185.5000 	185.5000 	3,130
Mar 25, 2021 	185.0000 	185.7000 	159.0000 	175.5000 	175.5000 	18,880
Mar 24, 2021 	202.8000 	211.7000 	188.5000 	190.4000 	190.4000 	5,210
Mar 23, 2021 	215.9000 	226.1500 	201.3000 	202.5000 	202.5000 	3,980
Mar 22, 2021 	218.5000 	226.2000 	215.0800 	217.9000 	217.9000 	1,880
Mar 19, 2021 	201.1000 	219.4000 	196.5000 	217.0000 	217.0000 	4,300
Mar 18, 2021 	215.1000 	216.8000 	197.0100 	201.0000 	201.0000 	1,980
Mar 17, 2021 	194.3000 	217.7000 	180.2000 	215.1000 	215.1000 	3,140
Mar 16, 2021 	204.3000 	209.4000 	191.1000 	199.8000 	199.8000 	3,910
Mar 15, 2021 	203.6000 	213.0000 	200.1000 	201.0000 	201.0000 	2,560
Mar 12, 2021 	209.3000 	209.5000 	197.2000 	204.0000 	204.0000 	4,190
Mar 11, 2021 	202.3000 	214.1000 	197.0000 	213.7000 	213.7000 	5,420
Mar 10, 2021 	212.6000 	215.5000 	185.3000 	197.7000 	197.7000 	11,710
Mar 9, 2021 	183.7000 	223.7000 	170.0600 	215.0000 	215.0000 	23,740
Mar 8, 2021 	150.0000 	201.0000 	150.0000 	163.6000 	163.6000 	33,800
Mar 5, 2021 	150.5000 	154.9600 	122.2500 	147.8000 	147.8000 	19,890
Mar 4, 2021 	232.4000 	233.2000 	140.2000 	143.5000 	143.5000 	42,370
Mar 3, 2021 	246.6000 	259.4000 	231.3000 	234.2000 	234.2000 	8,170
Mar 2, 2021 	262.1000 	278.1000 	241.2000 	260.6000 	260.6000 	16,580
Mar 1, 2021 	310.0000 	322.8000 	220.4000 	244.9000 	244.9000 	43,430
Feb 26, 2021 	295.0000 	326.9000 	290.5000 	321.0000 	321.0000 	7,840
Feb 25, 2021 	314.9000 	316.9100 	270.7000 	289.5000 	289.5000 	12,100
Feb 24, 2021 	335.4000 	335.4000 	305.6000 	307.6000 	307.6000 	5,100
Feb 23, 2021 	345.0000 	355.0000 	294.4500 	335.1000 	335.1000 	15,440
Feb 22, 2021 	410.0000 	410.0000 	332.5000 	336.0000 	336.0000 	21,130
Feb 19, 2021 	333.8000 	417.3000 	333.0000 	415.0000 	415.0000 	10,170
Feb 18, 2021 	343.6000 	345.6500 	315.0000 	330.9000 	330.9000 	6,710
Feb 17, 2021 	352.5000 	357.7000 	331.2000 	351.2000 	351.2000 	5,600
Feb 16, 2021 	375.1000 	384.9000 	336.0000 	358.0000 	358.0000 	7,370
Feb 12, 2021 	379.4000 	393.6900 	361.0000 	375.0000 	375.0000 	3,910
Feb 11, 2021 	405.4000 	405.9000 	366.0000 	375.1000 	375.1000 	4,520
Feb 10, 2021 	408.7000 	423.6200 	385.0000 	405.9000 	405.9000 	5,390
Feb 9, 2021 	416.0000 	427.0600 	380.9900 	412.7000 	412.7000 	5,490
Feb 8, 2021 	404.8000 	427.2000 	400.0000 	408.8000 	408.8000 	4,170
Feb 5, 2021 	442.0000 	460.9800 	391.7700 	408.3000 	408.3000 	8,500
Feb 4, 2021 	460.0000 	460.0000 	401.3000 	442.0000 	442.0000 	9,030
Feb 3, 2021 	390.0000 	450.0000 	387.6000 	448.1000 	448.1000 	15,230
Feb 2, 2021 	390.3000 	400.0000 	379.0000 	386.9000 	386.9000 	10,300
Feb 1, 2021 	335.6000 	378.7000 	335.6000 	367.4000 	367.4000 	6,130
Jan 29, 2021 	328.7000 	350.3100 	326.0000 	335.1000 	335.1000 	5,680
Jan 28, 2021 	329.8000 	350.0000 	311.8000 	330.0000 	330.0000 	6,640
Jan 27, 2021 	367.0000 	372.5200 	286.7000 	298.8000 	298.8000 	10,190
Jan 26, 2021 	324.5000 	390.0000 	321.3700 	375.1000 	375.1000 	9,100
Jan 25, 2021 	351.2000 	372.7000 	311.8000 	326.2000 	326.2000 	12,610
Jan 22, 2021 	346.8000 	395.1000 	321.8000 	348.7000 	348.7000 	12,540
Jan 21, 2021 	380.1000 	410.0000 	340.1000 	353.0000 	353.0000 	9,310
Jan 20, 2021 	428.8000 	437.5000 	345.0000 	378.6000 	378.6000 	22,040
Jan 19, 2021 	403.2000 	422.5000 	339.8000 	420.9000 	420.9000 	22,470
Jan 15, 2021 	321.0000 	399.5000 	316.2000 	379.2000 	379.2000 	28,020
Jan 14, 2021 	279.0000 	299.4000 	279.0000 	299.4000 	299.4000 	4,530
Jan 13, 2021 	282.5000 	304.9000 	276.1300 	279.1000 	279.1000 	4,770
Jan 12, 2021 	249.0000 	310.0000 	249.0000 	280.7000 	280.7000 	10,130
Jan 11, 2021 	246.7000 	254.8000 	235.6000 	247.4000 	247.4000 	3,720
Jan 8, 2021 	253.2000 	254.8800 	237.2000 	244.4000 	244.4000 	3,860
Jan 7, 2021 	232.7000 	252.9000 	214.1000 	250.1000 	250.1000 	8,130
Jan 6, 2021 	220.0000 	249.9000 	200.0000 	226.4000 	226.4000 	15,920
Jan 5, 2021 	175.0000 	213.1400 	175.0000 	208.4000 	208.4000 	16,120
Jan 4, 2021 	172.4000 	177.2000 	152.5000 	175.9000 	175.9000 	10,260
Dec 31, 2020 	160.9000 	176.0000 	158.1500 	173.2000 	173.2000 	8,520
Dec 30, 2020 	157.3900 	159.5000 	152.1000 	158.1000 	158.1000 	4,380
Dec 29, 2020 	156.3100 	159.9000 	150.5000 	152.0000 	152.0000 	5,160
Dec 28, 2020 	160.0000 	163.0000 	151.5000 	158.0000 	158.0000 	3,310
Dec 24, 2020 	154.5000 	160.5000 	150.6000 	155.0000 	155.0000 	2,460
Dec 23, 2020 	150.6000 	177.9600 	150.6000 	156.0000 	156.0000 	6,020
Dec 22, 2020 	147.7000 	152.5000 	139.2800 	151.4000 	151.4000 	3,530
Dec 21, 2020 	137.5000 	145.0000 	134.0000 	143.6000 	143.6000 	5,440
Dec 18, 2020 	136.0000 	150.0000 	131.4000 	139.1000 	139.1000 	11,590
Dec 17, 2020 	127.3000 	140.6900 	123.8600 	139.4000 	139.4000 	14,250
Dec 16, 2020 	127.6000 	130.0000 	117.4000 	130.0000 	130.0000 	8,090
Dec 15, 2020 	123.9000 	132.8000 	123.0000 	131.9000 	131.9000 	30,880
Dec 14, 2020 	105.0000 	122.8000 	105.0000 	120.0000 	120.0000 	33,120
Dec 11, 2020 	96.3000 	104.6000 	96.3000 	103.0000 	103.0000 	10,770
Dec 10, 2020 	90.8000 	99.2000 	84.8000 	97.6000 	97.6000 	12,800
Dec 9, 2020 	89.8000 	89.8000 	80.5000 	85.5000 	85.5000 	2,780
Dec 8, 2020 	88.0000 	88.0000 	85.1000 	86.0000 	86.0000 	900
Dec 7, 2020 	95.6500 	96.6100 	83.8000 	85.5000 	85.5000 	890
Dec 4, 2020 	85.0000 	89.8500 	85.0000 	88.3000 	88.3000 	650
Dec 3, 2020 	89.9200 	92.0700 	85.0400 	88.8000 	88.8000 	1,730
Dec 2, 2020 	92.9000 	99.4000 	91.3000 	91.3000 	91.3000 	590
Dec 1, 2020 	98.3300 	102.0000 	93.0000 	94.2000 	94.2000 	2,450
Nov 30, 2020 	89.4000 	98.8800 	88.1000 	96.5000 	96.5000 	6,600
Nov 27, 2020 	83.1000 	91.4000 	82.0000 	88.4000 	88.4000 	3,120
Nov 25, 2020 	84.5000 	85.8000 	82.8000 	84.4000 	84.4000 	3,320
Nov 24, 2020 	77.5000 	87.0000 	77.5000 	84.3000 	84.3000 	5,030
Nov 23, 2020 	77.5000 	82.9000 	77.5000 	80.6000 	80.6000 	2,130
Nov 20, 2020 	78.9000 	80.0000 	75.0000 	79.0000 	79.0000 	2,150
Nov 19, 2020 	78.8000 	80.0000 	77.6000 	78.8000 	78.8000 	650
Nov 18, 2020 	78.9000 	78.9000 	77.7000 	78.4600 	78.4600 	280
Nov 17, 2020 	76.2000 	80.0000 	75.1000 	80.0000 	80.0000 	2,120
Nov 16, 2020 	81.2500 	81.7700 	75.5000 	78.6000 	78.6000 	1,110
Nov 13, 2020 	82.2500 	82.3900 	79.1000 	80.4000 	80.4000 	920
Nov 12, 2020 	81.0000 	81.0000 	79.7000 	79.7000 	79.7000 	210
Nov 11, 2020 	79.5500 	81.0300 	79.2000 	81.0000 	81.0000 	170
Nov 10, 2020 	80.0000 	81.5000 	80.0000 	80.7500 	80.7500 	600
Nov 9, 2020 	85.0000 	85.0000 	80.0000 	82.9000 	82.9000 	1,570
Nov 6, 2020 	85.0000 	85.0000 	81.5000 	82.4000 	82.4000 	360
Nov 5, 2020 	84.0000 	84.0000 	80.2000 	81.4000 	81.4000 	980
Nov 4, 2020 	82.3000 	83.6000 	80.2000 	82.0500 	82.0500 	890
Nov 3, 2020 	79.3000 	85.0000 	79.0000 	81.2500 	81.2500 	3,100
Nov 2, 2020 	81.8000 	81.8000 	79.2500 	79.2500 	79.2500 	810
Oct 30, 2020 	83.1500 	84.0000 	79.1000 	79.7000 	79.7000 	4,170
Oct 29, 2020 	80.1000 	83.8000 	79.5000 	83.0000 	83.0000 	1,950
Oct 28, 2020 	78.0000 	83.8400 	77.0000 	79.3300 	79.3300 	4,180
Oct 27, 2020 	80.5000 	85.3000 	80.0000 	80.3000 	80.3000 	3,630
Oct 26, 2020 	90.0000 	91.0000 	78.3800 	79.8000 	79.8000 	10,740
Oct 23, 2020 	91.0000 	92.5000 	90.0000 	90.1000 	90.1000 	910
Oct 22, 2020 	91.1000 	94.0000 	90.0000 	91.7500 	91.7500 	1,930
Oct 21, 2020 	96.6000 	96.6000 	90.0000 	91.1000 	91.1000 	3,820
Oct 20, 2020 	94.9000 	97.5300 	94.8000 	95.3000 	95.3000 	1,490
Oct 19, 2020 	97.5000 	105.0000 	93.4000 	95.7000 	95.7000 	6,880
Oct 16, 2020 	101.0000 	105.0000 	97.2000 	97.5000 	97.5000 	5,790
Oct 15, 2020 	104.9600 	109.0000 	97.5000 	102.9000 	102.9000 	11,080
Oct 14, 2020 	102.9000 	120.0000 	99.7000 	105.5000 	105.5000 	14,100
Oct 13, 2020 	93.1000 	102.5000 	93.1000 	99.0000 	99.0000 	6,500
Oct 12, 2020 	95.0000 	98.2300 	93.4000 	93.8000 	93.8000 	560
Oct 9, 2020 	96.5000 	98.9000 	93.7000 	96.0000 	96.0000 	2,420
Oct 8, 2020 	95.4600 	96.5000 	93.2000 	93.2000 	93.2000 	280
Oct 7, 2020 	94.5500 	96.5500 	93.2000 	93.2000 	93.2000 	660
Oct 6, 2020 	93.9000 	95.6200 	93.3500 	95.1000 	95.1000 	720
Oct 5, 2020 	94.8000 	94.8000 	92.5000 	93.1000 	93.1000 	770
Oct 2, 2020 	93.1000 	95.0000 	92.6500 	93.7000 	93.7000 	990
Oct 1, 2020 	96.5000 	96.5000 	95.0000 	95.4000 	95.4000 	430
Sep 30, 2020 	96.7000 	98.5900 	92.5000 	95.1000 	95.1000 	1,560
Sep 29, 2020 	93.6200 	94.8000 	92.5000 	94.6000 	94.6000 	1,270
Sep 28, 2020 	92.0000 	94.7000 	89.0000 	93.3900 	93.3900 	1,940
Sep 25, 2020 	91.2000 	92.9000 	87.6000 	91.6000 	91.6000 	3,750
Sep 24, 2020 	92.6000 	94.5000 	90.0000 	94.0000 	94.0000 	4,980
Sep 23, 2020 	97.1000 	98.5000 	93.0000 	93.0000 	93.0000 	3,540
Sep 22, 2020 	96.0000 	98.6000 	95.5000 	95.5000 	95.5000 	3,210
Sep 21, 2020 	100.0000 	100.0000 	93.1000 	97.5000 	97.5000 	16,390
Sep 18, 2020 	105.0000 	109.9000 	97.0000 	99.9000 	99.9000 	55,350
